10,7.787920316185272,-11.45276635555556
11,6.739987403562208,-10.60677033333333
12,5.86797870017796,-10.7197088
13,6.23255090618157,-10.00054431111112
14,6.574847281671763,-9.992089577777779
15,6.619254418799686,-9.842098377777779
16,6.869139547369743,-10.16851477777778
17,6.77132454357074,-10.29321146666667
18,7.358265984134738,-10.11964237777778
19,8.089566867817952,-10.45678082222222
20,8.134145062986274,-10.64925073333333
21,7.642834158142654,-10.54708384444445
22,7.498878952136088,-10.9503258
23,7.54929741511279,-11.17216633333333
24,7.367076477849322,-11.05674391111111
25,7.136644892371487,-10.96210231111111
26,7.064411637019426,-10.91573357777778
27,6.977499675557504,-10.9731064
28,6.769837652802569,-10.99894348888889
29,6.835090926565799,-11.04506211111111
30,7.101020324645304,-11.06214888888889
31,7.054207839446336,-11.25537795555556
32,7.041599808006702,-11.30911351111111
33,7.107397220484382,-11.33458915555556
34,7.123206768820116,-11.55276091111111
35,7.120247899374066,-11.71239173333333
36,7.041675344576743,-11.62812217777778
37,6.982237727247922,-11.53106904444445
38,7.000746575336509,-11.45165042222222
39,7.09897911794217,-11.43321028888889
40,7.203359706994892,-11.4544798
41,7.305652551952643,-11.49062011111111
42,7.331993444753283,-11.43800104444445
43,7.290036307868426,-11.36655246666667
44,7.269373208956907,-11.38289942222222
45,7.25474214067014,-11.37710844444444
46,7.18936444550256,-11.2765314
47,7.041704770025995,-11.18223615555555
48,6.951754763888211,-11.20232262222222
49,6.902195595012388,-11.16131351111111
50,6.864398045463304,-11.11842642222222
51,6.86716819206659,-11.0594946
52,6.83756479964012,-11.07415426666667
53,6.804994208540729,-11.1410336
54,6.808613877952455,-11.2437632
55,6.798696116181151,-11.23785144444444
56,6.833687259785957,-11.24336048888889
57,6.817170660411171,-11.34160704444444
58,6.866634636332799,-11.31884633333333
59,6.852739147099906,-11.23645742222222
60,6.885527619029332,-11.29239073333333
61,6.890782091756901,-11.3290926
62,6.858038699157651,-11.24398004444445
63,6.810437013757156,-11.22943986666666
64,6.875694971140867,-11.35835628888889
65,6.962287553981861,-11.29884551111111
66,6.92049508046102,-11.26788817777778
67,6.910939280774681,-11.32280162222222
68,6.934180552698867,-11.31090251111111
69,6.915814658083845,-11.2875386
70,6.968398558838215,-11.35244802222222
71,6.99740341006573,-11.34648295555555
72,7.024282391267807,-11.22575515555555
73,6.987181995996714,-11.23329417777778
74,7.013696298345066,-11.24499775555556
75,7.02428190465872,-11.18589462222222
76,6.990760354944364,-11.17158426666666
77,7.010698384528133,-11.19342693333333
78,7.040488960086543,-11.14789746666666
79,7.051492494055514,-11.11031848888888
80,7.017178614621096,-11.14212297777778
81,7.091244639082999,-11.13870928888889
82,7.099317582864991,-11.13923242222222
83,7.025680857583716,-11.10474442222222
84,7.050571849313207,-11.09127104444444
85,7.061064030940321,-11.11985442222222
86,7.041304308722458,-11.1080706
87,7.000815643476653,-11.09155731111111
88,7.038436490039565,-11.1272244
89,7.02765344062136,-11.14368473333333
90,6.969090177909889,-11.08961877777778
91,6.999876351684467,-11.06708228888889
92,7.003621520771586,-11.09738795555556
93,6.991667645485711,-11.08444311111111
94,7.026391751756619,-11.09936557777778
95,7.036613178016865,-11.14032226666667
96,7.009951548401182,-11.13434622222222
97,7.020496875311057,-11.11726922222222
98,6.987686676521426,-11.09873204444445
99,6.917434295938267,-11.06119264444445
100,6.926518276840876,-11.03304573333333
101,6.935626424535797,-11.06395382222222
102,6.935779458452223,-11.08006802222222
103,6.971029271651213,-11.063022
104,6.940497921678081,-11.06909024444445
105,6.970018278057921,-11.11423804444444
106,6.971125989529468,-11.12558797777778
107,6.929679811672226,-11.10051931111111
108,6.89532250054539,-11.09509797777778
109,6.891487213278037,-11.10613168888889
110,6.858947669409719,-11.07640193333334
111,6.809080578162455,-11.05403197777778
112,6.802393961519535,-11.03424911111111
113,6.823896675245027,-11.024293
114,6.819023225045273,-11.02358957777778
115,6.871218981079339,-11.02970284444445
116,6.876202101066371,-11.02799473333333
117,6.827562921585802,-11.0074316
118,6.795686750820238,-11.00896186666666
119,6.796265161682461,-10.994164
120,6.761776831877423,-10.97630064444444
121,6.757870000651515,-11.00294797777778
122,6.809367488633635,-11.04268484444445
123,6.798205385682924,-11.06155522222222
124,6.819374152220817,-11.06931497777778
125,6.849162560398857,-11.07952728888889
126,6.853787949619543,-11.08772924444444
127,6.837223803380001,-11.06158295555556
128,6.818811305090555,-11.02823857777778
129,6.812698914550052,-11.01534922222222
130,6.837361698212384,-11.04932946666666
131,6.856578221089873,-11.04995124444445
132,6.88656423171584,-11.05374293333333
133,6.913003653571953,-11.06730646666666
134,6.925891680664856,-11.08611404444444
135,6.871942997929797,-11.057356
136,6.868937075123043,-11.04172442222222
137,6.865923131982919,-11.04772084444444
138,6.861972649150297,-11.04168653333333
139,6.843942511699426,-11.03373657777778
140,6.870631760355636,-11.05383304444445
141,6.905779659151149,-11.07285546666666
142,6.894448289672303,-11.07020335555555
143,6.966671661442411,-11.10429148888889
144,7.015658375554385,-11.13205071111111
145,6.986376562990875,-11.12519451111111
146,6.980736277391894,-11.14690155555556
147,6.96814595874395,-11.15009124444444
148,6.90293202059409,-11.12351644444444
149,6.862695574369448,-11.11729717777778
150,6.860681529058241,-11.12050086666667
151,6.879960716056628,-11.11697028888888
152,6.897156416009885,-11.11728235555556
153,6.913872925105164,-11.12831688888889
154,6.91657979304756,-11.1282288
155,6.949264577534296,-11.13325997777778
156,6.984408503637473,-11.14006495555556
157,7.006618787255212,-11.1554696
158,7.005150301562194,-11.15561437777778
159,7.014501542225118,-11.15866351111111
160,7.002283672332354,-11.15428042222222
161,6.980147869595292,-11.15132997777778
162,6.985732231454439,-11.15748402222222
163,7.001601322397109,-11.15450391111111
164,7.013600699095863,-11.15523006666667
165,7.041589005777049,-11.16986815555556
166,7.035997112662222,-11.15426222222222
167,7.007368790145637,-11.12313637777778
168,7.017471762158682,-11.13581582222222
169,7.017614303221407,-11.13801406666667
170,7.03659806598539,-11.151271
171,7.041063710067889,-11.16267124444444
172,7.034902124460626,-11.1580104
173,7.064421940654007,-11.16587815555555
174,7.105661659306314,-11.17933153333333
175,7.069154181713955,-11.17109144444444
176,7.100527548446547,-11.17694113333334
177,7.102447682410259,-11.18033084444444
178,7.087741385278409,-11.18964397777778
179,7.109096904287215,-11.17953784444445
180,7.146046476060484,-11.1865296
