10,7.791125172984841,-11.47684882222222
20,8.137308653092429,-10.67351828888889
31,7.057303858367142,-11.27963711111111
42,7.335045721286642,-11.46226291111111
53,6.80809640811645,-11.16558824444444
64,6.878656255240108,-11.38271035555556
75,7.027800009196467,-11.20972737777778
86,7.045024669187189,-11.13190242222222
97,7.023614417130013,-11.14065317777778
108,6.898781018030894,-11.1186814
119,6.803325123875458,-11.01575762222222
130,6.843889810069389,-11.07017548888889
141,6.91218508653427,-11.09184359999999
152,6.902579790661923,-11.13631102222222
163,7.00647352485622,-11.17392064444444
174,7.108259876459805,-11.1970122
185,7.065713760114617,-11.202036
196,6.95987799689775,-11.14139431111111
207,6.938527906540341,-11.14210875555556
218,6.845058159127285,-11.10415682222222
229,6.913452905104764,-11.15195088888889
240,6.912319271861865,-11.15313077777778
251,6.989626396192965,-11.17954015555556
261,7.016920963853503,-11.20227002222222
272,6.984757104935382,-11.19417897777778
283,6.934158853967185,-11.16844515555555
294,6.90771443106012,-11.16701975555556
305,6.918474974689235,-11.18397208888889
316,6.89039747891379,-11.18172233333334
327,6.877685503389723,-11.17420426666667
338,6.945275577909685,-11.20933173333333
349,6.949868165093684,-11.21233928888889
360,6.932512885476551,-11.19849128888889
371,6.970922113214137,-11.21601748888889
382,6.970826110027396,-11.21306935555555
393,6.959918907859719,-11.20870968888889
404,6.960482236679782,-11.21495726666667
415,7.008400421959884,-11.23014751111111
426,7.089260703189933,-11.26724584444445
437,7.072847732758732,-11.26933813333333
448,6.972861466747966,-11.22388975555555
459,6.984411575246411,-11.22245157777778
470,6.960321511849195,-11.21799851111111
481,6.941242008114322,-11.20557162222222
492,6.973426391587264,-11.22309684444444
502,6.997363148788807,-11.22505575555556
513,7.035693332397702,-11.24438062222222
524,6.994536874574939,-11.2343316
535,6.975581767435669,-11.22844788888889
546,6.983500427424595,-11.22757402222222
557,6.940083204831272,-11.20956651111111
568,6.911463560432518,-11.20255526666667
579,6.915092135750891,-11.19963337777778
590,6.947875581909353,-11.21035833333333
601,6.941226470381369,-11.20755822222223
612,6.941808321853934,-11.21088297777778
623,6.947979563258765,-11.21231553333334
634,6.947686558106856,-11.20989111111111
645,6.914132195507584,-11.19258151111111
656,6.918884713891697,-11.19311546666666
667,6.941663206491024,-11.20235891111111
678,6.955449971753168,-11.20980917777778
689,6.931869404111089,-11.19884833333333
700,6.904632723504597,-11.18846162222222
711,6.860354764992096,-11.16775593333333
722,6.927842598346592,-11.19690273333334
733,6.933487873386533,-11.19891711111111
743,6.932583464062199,-11.19766931111111
754,6.91091613102762,-11.18577682222222
765,6.940513409770041,-11.20043168888889
776,6.938057218215054,-11.19797524444444
787,6.908141170642847,-11.18594048888889
798,6.881638435163195,-11.17531357777778
809,6.890293841321963,-11.17992011111111
820,6.883719979205433,-11.1776556
831,6.884073949854686,-11.17455148888889
842,6.88157911247601,-11.17387044444444
853,6.853946187404119,-11.16072871111111
864,6.829943868503529,-11.15043468888889
875,6.861025270464301,-11.16357246666666
886,6.856553269292625,-11.160934
897,6.845538430625226,-11.15559573333333
908,6.840456221074119,-11.15463102222222
919,6.836245078216921,-11.15308468888889
930,6.844248646960676,-11.15724882222222
941,6.845130981609955,-11.15768382222222
952,6.83625647938732,-11.1554348
963,6.828217056465136,-11.15017604444444
974,6.826547387393667,-11.14981953333334
984,6.82253833418622,-11.14783897777778
995,6.809105405683697,-11.14020253333333
1006,6.826639614135967,-11.14681015555555
1017,6.831770923364079,-11.15253662222222
1028,6.818415690389261,-11.1439308
1039,6.807821030721436,-11.1379906
1050,6.82437091757392,-11.14699306666667
1061,6.823626860682912,-11.14679173333333
1072,6.811375317122614,-11.13851535555556
1083,6.810619687691048,-11.13914171111111
1094,6.808836075122566,-11.13994153333333
1105,6.802085336897811,-11.13719451111111
1116,6.797739583963829,-11.13414208888889
1127,6.807271193350064,-11.13939335555555
1138,6.805700562037124,-11.13817051111111
1149,6.803192804228476,-11.13615204444445
1160,6.792809972683527,-11.13031604444444
1171,6.796186923052657,-11.1323626
1182,6.80178289283771,-11.13616933333333
1193,6.805403401836246,-11.13666317777777
1204,6.776802012677567,-11.12329833333333
1215,6.77118536138165,-11.12110926666667
1225,6.792612152538251,-11.1314312
1236,6.794668428978865,-11.13240544444444
1247,6.783719673946865,-11.12840202222222
1258,6.775759796062868,-11.12306017777778
1269,6.760030163710513,-11.11435022222222
1280,6.767431943985358,-11.11737771111111
1291,6.773393054651093,-11.12258508888889
1302,6.766697231943247,-11.11914471111111
1313,6.76885283619933,-11.11876571111112
1324,6.774471054020015,-11.1219956
1335,6.765916584260358,-11.11874902222222
1346,6.748376899129301,-11.10815835555556
1357,6.753787769393816,-11.11094408888889
1368,6.764885540263536,-11.11770528888889
1379,6.765045898569971,-11.11813948888889
1390,6.751206877421027,-11.11105864444445
1401,6.748048049590166,-11.10941177777778
1412,6.741800184658294,-11.10663757777778
1423,6.750940115023946,-11.11202524444445
1434,6.748447028443687,-11.11134113333333
1445,6.741397887229929,-11.10804395555556
1456,6.74452531849668,-11.1087994
1466,6.749518083827398,-11.11112355555555
2190,6.748266874688003,-11.1122344
2179,6.748180686852316,-11.11219088888889
2168,6.748887234405629,-11.11252588888889
2157,6.744840048103185,-11.11047915555556
2146,6.746623120829003,-11.1115652
2135,6.747003234256582,-11.11222613333333
2124,6.742252508231804,-11.10998553333333
2113,6.739309237950167,-11.10839315555555
2102,6.747793620867607,-11.11204944444444
2091,6.745574821052611,-11.11103533333333
2080,6.745067870015768,-11.11108
2069,6.734902527043552,-11.10489993333333
2058,6.743285122329182,-11.10957895555556
2047,6.741497957578331,-11.10941802222222
2036,6.742843819518509,-11.1097828
2025,6.730731314355635,-11.10389177777778
2014,6.732220009594688,-11.10502115555555
2003,6.739483563845927,-11.10884308888889
1992,6.73751080849411,-11.10811788888889
1981,6.74354345031635,-11.11093695555555
1970,6.738114767300124,-11.10779666666667
1959,6.741508454190043,-11.1098306
1948,6.733797250083411,-11.10648808888889
1938,6.733268070812834,-11.10632371111111
1927,6.730443091908173,-11.10404577777777
1916,6.730886478454627,-11.10436935555555
1905,6.732741575835545,-11.10508322222223
1894,6.733449405285675,-11.10500784444445
1883,6.737007752567568,-11.10675773333333
1872,6.724805671673184,-11.10075124444444
1861,6.730427362999159,-11.10245784444445
1850,6.745165186508545,-11.10959533333333
1839,6.742170429896549,-11.10923384444444
1828,6.73094856950841,-11.10337868888889
1817,6.729003186463344,-11.1024086
1806,6.725162158340175,-11.10105531111111
1795,6.725007613349795,-11.10129526666667
1784,6.72577356965421,-11.10084988888889
1773,6.725953067678328,-11.10058382222222
1762,6.735998458032381,-11.10627853333333
1751,6.74653968186276,-11.11135806666667
1740,6.742406995944618,-11.11014773333333
1729,6.71829049293312,-11.09805820000001
1718,6.722079774419172,-11.10011044444445
1707,6.732149120901854,-11.10501704444445
1697,6.731738377280822,-11.10551511111111
1686,6.731609381916403,-11.104752
1675,6.728770670501119,-11.10266013333334
1664,6.72804412764823,-11.10203686666667
1653,6.730763257662439,-11.10367466666667
1642,6.734914968039287,-11.10606646666667
1631,6.736245600965728,-11.10670546666667
1620,6.730205638647322,-11.10342226666667
1609,6.722280784079127,-11.09995271111111
1598,6.723494380386763,-11.09978464444444
1587,6.725995282195598,-11.10172071111111
1576,6.743422279174268,-11.11160402222222
1565,6.748144349401056,-11.11285284444444
1554,6.744940565086545,-11.11109815555556
1543,6.73882868667228,-11.10824055555556
1532,6.73311648150806,-11.10496306666667
1521,6.725355503164148,-11.1000696
1510,6.734556259982651,-11.10561506666667
1499,6.744052207962239,-11.10966915555555
1488,6.749122244433694,-11.11017993333334
