1.000000000000000000e+01,7.791125172984840752e+00,-1.147684882222221958e+01
2.000000000000000000e+01,8.137308653092429012e+00,-1.067351828888888932e+01
3.100000000000000000e+01,7.057303858367141913e+00,-1.127963711111111067e+01
4.200000000000000000e+01,7.335045721286642006e+00,-1.146226291111110918e+01
5.300000000000000000e+01,6.808096408116449894e+00,-1.116558824444443943e+01
6.400000000000000000e+01,6.878656255240107598e+00,-1.138271035555555954e+01
7.500000000000000000e+01,7.027800009196466746e+00,-1.120972737777777972e+01
8.600000000000000000e+01,7.045024669187188948e+00,-1.113190242222222004e+01
9.700000000000000000e+01,7.023614417130013443e+00,-1.114065317777778041e+01
1.080000000000000000e+02,6.898781018030893719e+00,-1.111868139999999983e+01
1.190000000000000000e+02,6.803325123875458402e+00,-1.101575762222221933e+01
1.300000000000000000e+02,6.843889810069389235e+00,-1.107017548888888925e+01
1.410000000000000000e+02,6.912185086534270440e+00,-1.109184359999999003e+01
1.520000000000000000e+02,6.902579790661922843e+00,-1.113631102222221969e+01
1.630000000000000000e+02,7.006473524856220436e+00,-1.117392064444443989e+01
1.740000000000000000e+02,7.108259876459804616e+00,-1.119701219999999964e+01
1.850000000000000000e+02,7.065713760114617159e+00,-1.120203599999999966e+01
1.960000000000000000e+02,6.959877996897749775e+00,-1.114139431111111023e+01
2.070000000000000000e+02,6.938527906540341128e+00,-1.114210875555555980e+01
2.180000000000000000e+02,6.845058159127285435e+00,-1.110415682222222067e+01
2.290000000000000000e+02,6.913452905104763957e+00,-1.115195088888889074e+01
2.400000000000000000e+02,6.912319271861864678e+00,-1.115313077777778084e+01
2.510000000000000000e+02,6.989626396192964997e+00,-1.117954015555556069e+01
2.610000000000000000e+02,7.016920963853502613e+00,-1.120227002222221913e+01
2.720000000000000000e+02,6.984757104935382266e+00,-1.119417897777777959e+01
2.830000000000000000e+02,6.934158853967185010e+00,-1.116844515555555084e+01
2.940000000000000000e+02,6.907714431060120397e+00,-1.116701975555555926e+01
3.050000000000000000e+02,6.918474974689234891e+00,-1.118397208888888983e+01
3.160000000000000000e+02,6.890397478913789620e+00,-1.118172233333334020e+01
3.270000000000000000e+02,6.877685503389723287e+00,-1.117420426666667055e+01
3.380000000000000000e+02,6.945275577909685083e+00,-1.120933173333333066e+01
3.490000000000000000e+02,6.949868165093683992e+00,-1.121233928888888975e+01
3.600000000000000000e+02,6.932512885476550757e+00,-1.119849128888889034e+01
3.710000000000000000e+02,6.970922113214136573e+00,-1.121601748888888928e+01
3.820000000000000000e+02,6.970826110027395828e+00,-1.121306935555555029e+01
3.930000000000000000e+02,6.959918907859719006e+00,-1.120870968888888974e+01
4.040000000000000000e+02,6.960482236679782275e+00,-1.121495726666666926e+01
4.150000000000000000e+02,7.008400421959883886e+00,-1.123014751111110954e+01
4.260000000000000000e+02,7.089260703189933288e+00,-1.126724584444444943e+01
4.370000000000000000e+02,7.072847732758732242e+00,-1.126933813333332957e+01
4.480000000000000000e+02,6.972861466747965586e+00,-1.122388975555555035e+01
4.590000000000000000e+02,6.984411575246411097e+00,-1.122245157777778068e+01
4.700000000000000000e+02,6.960321511849194565e+00,-1.121799851111111046e+01
4.810000000000000000e+02,6.941242008114321571e+00,-1.120557162222221947e+01
4.920000000000000000e+02,6.973426391587263851e+00,-1.122309684444443967e+01
5.020000000000000000e+02,6.997363148788807052e+00,-1.122505575555556057e+01
5.130000000000000000e+02,7.035693332397701560e+00,-1.124438062222222001e+01
5.240000000000000000e+02,6.994536874574938778e+00,-1.123433160000000086e+01
5.350000000000000000e+02,6.975581767435668823e+00,-1.122844788888889056e+01
5.460000000000000000e+02,6.983500427424594648e+00,-1.122757402222221934e+01
5.570000000000000000e+02,6.940083204831272390e+00,-1.120956651111110958e+01
5.680000000000000000e+02,6.911463560432517639e+00,-1.120255526666666945e+01
5.790000000000000000e+02,6.915092135750890989e+00,-1.119963337777777923e+01
5.900000000000000000e+02,6.947875581909353393e+00,-1.121035833333333009e+01
6.010000000000000000e+02,6.941226470381368863e+00,-1.120755822222223053e+01
6.120000000000000000e+02,6.941808321853933705e+00,-1.121088297777778031e+01
6.230000000000000000e+02,6.947979563258765090e+00,-1.121231553333334041e+01
6.340000000000000000e+02,6.947686558106855870e+00,-1.120989111111111036e+01
6.450000000000000000e+02,6.914132195507583845e+00,-1.119258151111110955e+01
6.560000000000000000e+02,6.918884713891697125e+00,-1.119311546666665969e+01
6.670000000000000000e+02,6.941663206491024418e+00,-1.120235891111111037e+01
6.780000000000000000e+02,6.955449971753168370e+00,-1.120980917777777996e+01
6.890000000000000000e+02,6.931869404111089317e+00,-1.119884833333333063e+01
7.000000000000000000e+02,6.904632723504597003e+00,-1.118846162222222063e+01
7.110000000000000000e+02,6.860354764992096399e+00,-1.116775593333333028e+01
7.220000000000000000e+02,6.927842598346591885e+00,-1.119690273333334041e+01
7.330000000000000000e+02,6.933487873386533273e+00,-1.119891711111110943e+01
7.430000000000000000e+02,6.932583464062198608e+00,-1.119766931111110964e+01
7.540000000000000000e+02,6.910916131027620146e+00,-1.118577682222221981e+01
7.650000000000000000e+02,6.940513409770041164e+00,-1.120043168888889085e+01
7.760000000000000000e+02,6.938057218215053723e+00,-1.119797524444443937e+01
7.870000000000000000e+02,6.908141170642847051e+00,-1.118594048888889070e+01
7.980000000000000000e+02,6.881638435163194956e+00,-1.117531357777778034e+01
8.090000000000000000e+02,6.890293841321962987e+00,-1.117992011111111061e+01
8.200000000000000000e+02,6.883719979205433326e+00,-1.117765559999999958e+01
8.310000000000000000e+02,6.884073949854686347e+00,-1.117455148888888949e+01
8.420000000000000000e+02,6.881579112476010174e+00,-1.117387044444443944e+01
8.530000000000000000e+02,6.853946187404119428e+00,-1.116072871111111020e+01
8.640000000000000000e+02,6.829943868503528748e+00,-1.115043468888888967e+01
8.750000000000000000e+02,6.861025270464301329e+00,-1.116357246666665937e+01
8.860000000000000000e+02,6.856553269292625430e+00,-1.116093399999999924e+01
8.970000000000000000e+02,6.845538430625225601e+00,-1.115559573333332999e+01
9.080000000000000000e+02,6.840456221074118659e+00,-1.115463102222222069e+01
9.190000000000000000e+02,6.836245078216920845e+00,-1.115308468888889060e+01
9.300000000000000000e+02,6.844248646960675586e+00,-1.115724882222222014e+01
9.410000000000000000e+02,6.845130981609955256e+00,-1.115768382222221966e+01
9.520000000000000000e+02,6.836256479387319729e+00,-1.115543480000000010e+01
9.630000000000000000e+02,6.828217056465136103e+00,-1.115017604444443933e+01
9.740000000000000000e+02,6.826547387393667066e+00,-1.114981953333333919e+01
9.840000000000000000e+02,6.822538334186219799e+00,-1.114783897777778066e+01
9.950000000000000000e+02,6.809105405683697043e+00,-1.114020253333332988e+01
1.006000000000000000e+03,6.826639614135967093e+00,-1.114681015555554922e+01
1.017000000000000000e+03,6.831770923364079096e+00,-1.115253662222221998e+01
1.028000000000000000e+03,6.818415690389261208e+00,-1.114393079999999969e+01
1.039000000000000000e+03,6.807821030721435740e+00,-1.113799060000000019e+01
1.050000000000000000e+03,6.824370917573920003e+00,-1.114699306666667056e+01
1.061000000000000000e+03,6.823626860682911577e+00,-1.114679173333333040e+01
1.072000000000000000e+03,6.811375317122614348e+00,-1.113851535555556005e+01
1.083000000000000000e+03,6.810619687691048085e+00,-1.113914171111110996e+01
1.094000000000000000e+03,6.808836075122566278e+00,-1.113994153333332982e+01
1.105000000000000000e+03,6.802085336897810919e+00,-1.113719451111110992e+01
1.116000000000000000e+03,6.797739583963829268e+00,-1.113414208888888979e+01
1.127000000000000000e+03,6.807271193350064031e+00,-1.113939335555554955e+01
1.138000000000000000e+03,6.805700562037124257e+00,-1.113817051111110956e+01
1.149000000000000000e+03,6.803192804228475943e+00,-1.113615204444445084e+01
1.160000000000000000e+03,6.792809972683526709e+00,-1.113031604444443978e+01
1.171000000000000000e+03,6.796186923052657036e+00,-1.113236260000000044e+01
1.182000000000000000e+03,6.801782892837709760e+00,-1.113616933333332959e+01
1.193000000000000000e+03,6.805403401836246147e+00,-1.113666317777776982e+01
1.204000000000000000e+03,6.776802012677567433e+00,-1.112329833333333085e+01
1.215000000000000000e+03,6.771185361381649948e+00,-1.112110926666666977e+01
1.225000000000000000e+03,6.792612152538250569e+00,-1.113143119999999975e+01
1.236000000000000000e+03,6.794668428978864583e+00,-1.113240544444444069e+01
1.247000000000000000e+03,6.783719673946865036e+00,-1.112840202222221997e+01
1.258000000000000000e+03,6.775759796062867935e+00,-1.112306017777778067e+01
1.269000000000000000e+03,6.760030163710513129e+00,-1.111435022222221924e+01
1.280000000000000000e+03,6.767431943985357634e+00,-1.111737771111111073e+01
1.291000000000000000e+03,6.773393054651092982e+00,-1.112258508888888997e+01
1.302000000000000000e+03,6.766697231943246571e+00,-1.111914471111110991e+01
1.313000000000000000e+03,6.768852836199330092e+00,-1.111876571111112000e+01
1.324000000000000000e+03,6.774471054020015259e+00,-1.112199559999999998e+01
1.335000000000000000e+03,6.765916584260358135e+00,-1.111874902222221984e+01
1.346000000000000000e+03,6.748376899129301165e+00,-1.110815835555555964e+01
1.357000000000000000e+03,6.753787769393816198e+00,-1.111094408888889085e+01
1.368000000000000000e+03,6.764885540263535724e+00,-1.111770528888889054e+01
1.379000000000000000e+03,6.765045898569971072e+00,-1.111813948888888959e+01
1.390000000000000000e+03,6.751206877421027208e+00,-1.111105864444444968e+01
1.401000000000000000e+03,6.748048049590165576e+00,-1.110941177777777966e+01
1.412000000000000000e+03,6.741800184658293560e+00,-1.110663757777778038e+01
1.423000000000000000e+03,6.750940115023945864e+00,-1.111202524444444961e+01
1.434000000000000000e+03,6.748447028443687046e+00,-1.111134113333332962e+01
1.445000000000000000e+03,6.741397887229928720e+00,-1.110804395555556034e+01
1.456000000000000000e+03,6.744525318496680022e+00,-1.110879940000000055e+01
1.466000000000000000e+03,6.749518083827397597e+00,-1.111112355555554920e+01
1.488000000000000000e+03,6.749122244433693574e+00,-1.111017993333333997e+01
1.499000000000000000e+03,6.744052207962239365e+00,-1.110966915555554912e+01
1.510000000000000000e+03,6.734556259982650950e+00,-1.110561506666667064e+01
1.521000000000000000e+03,6.725355503164148097e+00,-1.110006959999999943e+01
1.532000000000000000e+03,6.733116481508059969e+00,-1.110496306666667010e+01
1.543000000000000000e+03,6.738828686672279744e+00,-1.110824055555555923e+01
1.554000000000000000e+03,6.744940565086545270e+00,-1.111109815555555969e+01
1.565000000000000000e+03,6.748144349401055564e+00,-1.111285284444443988e+01
1.576000000000000000e+03,6.743422279174268397e+00,-1.111160402222222032e+01
1.587000000000000000e+03,6.725995282195597724e+00,-1.110172071111110981e+01
1.598000000000000000e+03,6.723494380386762614e+00,-1.109978464444444057e+01
1.609000000000000000e+03,6.722280784079127436e+00,-1.109995271111110959e+01
1.620000000000000000e+03,6.730205638647322353e+00,-1.110342226666666932e+01
1.631000000000000000e+03,6.736245600965728109e+00,-1.110670546666666958e+01
1.642000000000000000e+03,6.734914968039286798e+00,-1.110606646666666997e+01
1.653000000000000000e+03,6.730763257662439436e+00,-1.110367466666667013e+01
1.664000000000000000e+03,6.728044127648230344e+00,-1.110203686666666911e+01
1.675000000000000000e+03,6.728770670501119433e+00,-1.110266013333333923e+01
1.686000000000000000e+03,6.731609381916403123e+00,-1.110475199999999951e+01
1.697000000000000000e+03,6.731738377280821695e+00,-1.110551511111111012e+01
1.707000000000000000e+03,6.732149120901853578e+00,-1.110501704444445004e+01
1.718000000000000000e+03,6.722079774419172260e+00,-1.110011044444445005e+01
1.729000000000000000e+03,6.718290492933119751e+00,-1.109805820000000942e+01
1.740000000000000000e+03,6.742406995944618231e+00,-1.111014773333332961e+01
1.751000000000000000e+03,6.746539681862760318e+00,-1.111135806666666959e+01
1.762000000000000000e+03,6.735998458032381286e+00,-1.110627853333332915e+01
1.773000000000000000e+03,6.725953067678328345e+00,-1.110058382222221951e+01
1.784000000000000000e+03,6.725773569654210249e+00,-1.110084988888888979e+01
1.795000000000000000e+03,6.725007613349794688e+00,-1.110129526666666955e+01
1.806000000000000000e+03,6.725162158340174834e+00,-1.110105531111111077e+01
1.817000000000000000e+03,6.729003186463343944e+00,-1.110240860000000040e+01
1.828000000000000000e+03,6.730948569508409918e+00,-1.110337868888889012e+01
1.839000000000000000e+03,6.742170429896549244e+00,-1.110923384444443940e+01
1.850000000000000000e+03,6.745165186508544686e+00,-1.110959533333332949e+01
1.861000000000000000e+03,6.730427362999159335e+00,-1.110245784444444972e+01
1.872000000000000000e+03,6.724805671673183660e+00,-1.110075124444444050e+01
1.883000000000000000e+03,6.737007752567567564e+00,-1.110675773333333005e+01
1.894000000000000000e+03,6.733449405285674594e+00,-1.110500784444445088e+01
1.905000000000000000e+03,6.732741575835545333e+00,-1.110508322222223043e+01
1.916000000000000000e+03,6.730886478454626953e+00,-1.110436935555554960e+01
1.927000000000000000e+03,6.730443091908172804e+00,-1.110404577777777035e+01
1.938000000000000000e+03,6.733268070812833628e+00,-1.110632371111110928e+01
1.948000000000000000e+03,6.733797250083410901e+00,-1.110648808888888972e+01
1.959000000000000000e+03,6.741508454190043409e+00,-1.110983060000000044e+01
1.970000000000000000e+03,6.738114767300124264e+00,-1.110779666666667076e+01
1.981000000000000000e+03,6.743543450316350274e+00,-1.111093695555554994e+01
1.992000000000000000e+03,6.737510808494110215e+00,-1.110811788888888962e+01
2.003000000000000000e+03,6.739483563845927172e+00,-1.110884308888888938e+01
2.014000000000000000e+03,6.732220009594687582e+00,-1.110502115555554958e+01
2.025000000000000000e+03,6.730731314355635320e+00,-1.110389177777778080e+01
2.036000000000000000e+03,6.742843819518508752e+00,-1.110978279999999963e+01
2.047000000000000000e+03,6.741497957578331146e+00,-1.110941802222222030e+01
2.058000000000000000e+03,6.743285122329181647e+00,-1.110957895555556085e+01
2.069000000000000000e+03,6.734902527043551856e+00,-1.110489993333333025e+01
2.080000000000000000e+03,6.745067870015767575e+00,-1.111107999999999940e+01
2.091000000000000000e+03,6.745574821052611192e+00,-1.111103533333333004e+01
2.102000000000000000e+03,6.747793620867606812e+00,-1.111204944444443932e+01
2.113000000000000000e+03,6.739309237950166676e+00,-1.110839315555555018e+01
2.124000000000000000e+03,6.742252508231803887e+00,-1.110998553333332950e+01
2.135000000000000000e+03,6.747003234256582438e+00,-1.111222613333332987e+01
2.146000000000000000e+03,6.746623120829003284e+00,-1.111156519999999936e+01
2.157000000000000000e+03,6.744840048103185381e+00,-1.111047915555555932e+01
2.168000000000000000e+03,6.748887234405628988e+00,-1.111252588888888937e+01
2.179000000000000000e+03,6.748180686852315979e+00,-1.111219088888888962e+01
2.190000000000000000e+03,6.748266874688003014e+00,-1.111223440000000018e+01
