10,0.4024100488057973,0.8309496666666666
14,0.3771229661826359,2.835792291666667
18,0.411994804417639,3.282867208333334
23,0.4326999828748369,-1.282198333333333
27,0.3924571777131888,-0.3327515833333334
31,0.3762190979054394,1.315051
36,0.4497009882073818,1.213683
40,0.5110134847802117,-0.7956074583333335
44,0.3937821926235784,-0.7398380416666667
49,0.3856863667189193,0.9880428333333334
53,0.4169679825313373,0.7778879166666668
58,0.4942788794888633,-0.2899313750000001
62,0.5283680344954297,0.1815147083333333
66,0.4310131580401452,0.01239449999999994
71,0.3904193808259546,0.2441865
75,0.4144995959788224,0.4080494583333332
79,0.3805880567481481,0.7061868749999998
84,0.4027206099486032,1.046168375
88,0.3876688104473332,0.7913912083333332
93,0.4190098726542859,0.57151125
97,0.4687810255140744,0.2967028750000001
101,0.4546366706315019,0.422376125
106,0.4220445091577034,0.3496100833333335
110,0.4086100682451811,0.203247875
114,0.405805371295476,0.4659552083333333
119,0.4267650723154436,0.4347776666666667
123,0.3883913796422045,0.240824875
127,0.4168363614899228,0.4376546249999999
132,0.4198625332506143,0.3465316666666666
136,0.4178986494261445,0.3603207500000001
141,0.38562820311343,0.5951301666666667
145,0.3882064433606022,0.4570734166666667
149,0.3654797801316011,0.3045529999999999
154,0.3837285002094769,0.4266031666666666
158,0.425738673684107,0.4584422916666667
162,0.4028342250778327,0.3720833333333333
167,0.4458009642153127,0.4498205416666665
171,0.4311571177765422,0.3706656249999999
176,0.4037781553889158,0.3368896666666666
180,0.3925195183882719,0.33924325
184,0.4120872024235393,0.2979097083333333
189,0.4043653831350487,0.3387200416666667
193,0.4622820016026591,0.4311367500000001
197,0.4350640271253353,0.3950140833333333
202,0.3911263529730307,0.364069375
206,0.3949546782419967,0.3403492499999999
210,0.3955159185099668,0.3687979999999999
215,0.3967526520632073,0.4460646666666666
219,0.3990022735950238,0.3980312083333333
224,0.3775625322498612,0.3298448333333333
228,0.3821726433466967,0.3281565833333333
232,0.4181261411556773,0.3317432083333333
237,0.3947168902038102,0.3064840833333333
241,0.393019980307984,0.3072883749999999
245,0.412504524861577,0.3339863333333333
250,0.398994686064354,0.3240241249999999
254,0.3885142054505094,0.3501968333333333
259,0.3741338281427348,0.3733212916666666
263,0.3705421212911946,0.3673327499999999
267,0.3768881910112588,0.4066715
272,0.3782062160851529,0.3955013333333333
276,0.3782189092990659,0.3814593749999999
280,0.3857839858978304,0.383767
285,0.3998739556121001,0.3621805416666666
289,0.3984592691624193,0.3741393333333334
293,0.3962435751832246,0.378006375
298,0.3879230345610276,0.3648800833333333
302,0.3912530129408068,0.3767462916666667
307,0.3898755588620461,0.3956965833333332
311,0.3836455656320055,0.3954241666666666
315,0.3793963606341076,0.3932841666666667
320,0.3780021948557717,0.4054399583333333
324,0.3770101434015433,0.416034
328,0.3741780913622817,0.4035062916666665
333,0.3729700142171917,0.4028429583333333
337,0.3804457007800098,0.3900059166666667
342,0.3918347745032245,0.3817769166666666
346,0.3949435301251595,0.381656625
350,0.3921126730035549,0.3815115833333332
355,0.3873422621455088,0.3974484999999999
359,0.3905840752939687,0.4021178750000001
363,0.3902854741299788,0.3928059166666666
368,0.3944748984844063,0.3973847500000001
372,0.3965630080347976,0.3975287083333333
376,0.3917988642787076,0.3959897916666666
381,0.3854698068874499,0.40045275
385,0.3796767879265148,0.4012097499999999
390,0.3811096010353248,0.4079724999999999
394,0.3878184365313322,0.4064817083333334
398,0.3914320564383623,0.4028859999999999
403,0.3898910695784981,0.3984052500000001
407,0.3855541812617714,0.3986535
411,0.3871585126340912,0.3965487916666666
416,0.3845840181119095,0.3987503333333333
420,0.382591476921893,0.3997283333333335
425,0.39238128573631,0.3960284166666668
429,0.3864930740108015,0.4008218333333333
433,0.3850176087656342,0.4046072916666666
438,0.3819836168850791,0.4040364583333333
442,0.3799677655198822,0.4021125416666667
446,0.380993261815763,0.3992793333333333
451,0.3806256223712958,0.3951863333333334
455,0.3796791231877727,0.394116125
459,0.38308022269081,0.3937548333333332
464,0.3836330785775606,0.3917608749999999
468,0.3867232707706118,0.3895960416666666
473,0.3945983667585584,0.3891994999999999
477,0.3946949102540619,0.3871128749999999
481,0.3917945072086301,0.3876483749999999
486,0.3947957971278648,0.3889485
490,0.3953973124735455,0.3896525416666667
494,0.3954696616467748,0.3888623333333333
499,0.3977603337486358,0.3893880000000001
503,0.3931533867838648,0.3906091666666667
508,0.3877389648403283,0.3912383333333334
512,0.3872504950060459,0.3909860833333332
516,0.3876914218167061,0.3901035416666667
521,0.3889729738731346,0.3870046666666666
525,0.3926824840663165,0.3836861666666667
529,0.3929131292445986,0.3810189999999999
534,0.3866439624672414,0.3829482499999999
538,0.3857482436971276,0.382992875
542,0.3861338109102662,0.3840994583333333
547,0.3824659365767953,0.3867834999999999
551,0.3855929778761332,0.3841144166666666
556,0.3866087574471648,0.3834783333333333
560,0.3834198117578626,0.3838029999999999
564,0.3892725757828702,0.3834037499999999
569,0.3903478526943439,0.3818540416666665
573,0.3861286860797217,0.384279
577,0.3878720634668997,0.3835836249999999
582,0.3903547163906257,0.3824158333333333
586,0.3880454222205212,0.3821872916666666
591,0.3858283341074693,0.3803126666666666
595,0.3881365351706267,0.3783975416666667
599,0.3914799107954749,0.3788094583333333
604,0.3898885827159891,0.37721575
608,0.3814675307114803,0.3786946250000001
612,0.3809629899212795,0.38006775
617,0.3862453983277033,0.3809577499999999
621,0.3888438223164217,0.3824559166666666
625,0.3895769884335435,0.3822630833333333
630,0.3866327469383969,0.381411
634,0.3840931185367741,0.3793405
639,0.3850102969667533,0.3796939166666666
643,0.3846336354324346,0.3777756666666666
647,0.3830559415159824,0.378417
652,0.3787644164404836,0.3780722500000001
656,0.3758609537005013,0.3776987083333334
660,0.3741810618068435,0.378054875
665,0.3700012542653243,0.3780869999999998
669,0.3699060332173462,0.379219625
674,0.3721943302695842,0.3783962916666666
678,0.373548126987265,0.3793880416666666
682,0.3766647122693846,0.3807432499999999
687,0.3802637440908018,0.3808660416666665
691,0.3809301107249088,0.3833357500000001
695,0.3826437714515296,0.3846320416666666
700,0.381472030204827,0.3835773749999999
704,0.3809494712337902,0.382588
708,0.3815084182001277,0.3828127916666667
713,0.3846286784949055,0.3831369583333332
717,0.3851041789015824,0.3821166249999999
722,0.3831152769955971,0.3830122499999999
726,0.3811937576328903,0.38465675
730,0.3807778523278041,0.3842933749999999
735,0.3799035173430314,0.3846472916666667
739,0.3820388849282814,0.3847281249999999
743,0.3838509078458454,0.3853090833333332
748,0.3876894815154743,0.3855924583333333
752,0.3900630423908275,0.3869276666666667
757,0.3880613999481749,0.3876482083333334
761,0.3848507923093425,0.3869187916666665
765,0.3852710069262558,0.3868211666666666
770,0.3827713696408307,0.3853952499999999
774,0.3819658843288916,0.3853882499999999
778,0.3830421819586519,0.3842269166666668
783,0.3824929994017486,0.3852367083333333
787,0.3852792842880344,0.38655175
792,0.3865236399924871,0.3877207916666667
796,0.382779242851824,0.3862887083333333
800,0.3843375170418155,0.3850432916666667
805,0.380921923587165,0.3841132916666667
809,0.3805799685381201,0.3834720416666667
813,0.3800065927350277,0.3837275416666666
818,0.3823016614203774,0.3850082083333333
822,0.3836270866143262,0.3858832499999998
826,0.3867257884649333,0.3863644583333333
831,0.3845069719520536,0.3863085416666667
835,0.385556865291307,0.3864712916666665
840,0.3814306404734965,0.3838297499999999
844,0.3784517314987839,0.3842130833333332
848,0.377017508777862,0.38395075
853,0.3790994630520796,0.385016875
857,0.3800989610781374,0.3851956249999999
861,0.3824775012206222,0.3855598333333332
866,0.3861785010862055,0.3860376666666667
870,0.3855783440972476,0.3848714166666667
875,0.3843807710057239,0.3834474583333333
879,0.3829444826524339,0.3831258749999999
883,0.3809823120134719,0.3832445
888,0.3827098971425587,0.3839894583333334
892,0.3830073039378458,0.3848455416666666
896,0.3851582581797769,0.3860079166666666
901,0.3858825994095046,0.3871155833333333
905,0.3844828175576143,0.3861322083333333
909,0.3839725524581001,0.3861156666666667
914,0.3824594821229647,0.385871875
918,0.3819936473602973,0.3853248333333333
923,0.3837445362089911,0.3861400833333334
927,0.3853418493022447,0.38645875
931,0.3854365980675262,0.3864297083333333
936,0.3855448014636566,0.3870777916666667
940,0.3845643632724101,0.3860646249999999
944,0.3836197637581428,0.385124875
949,0.3828721878538203,0.3850088333333334
953,0.3836570473670917,0.3849704999999999
958,0.3853415011639709,0.3864374583333332
962,0.3857399675208113,0.38751
966,0.3864274206159506,0.3882203749999999
971,0.3854039326278316,0.3875167083333333
975,0.3840289816481718,0.3865360833333333
979,0.3835586735309532,0.3862687083333334
984,0.384248530146633,0.38614675
988,0.3851426998101375,0.3864635416666666
992,0.3839471435771382,0.3863115
997,0.3856184378767695,0.3870084583333332
1001,0.3856381133651327,0.3867874166666667
1006,0.3850029539717069,0.386414625
1010,0.3843799530212916,0.3864237083333332
1014,0.3845122776747843,0.3868360416666666
1019,0.3829671247714768,0.3859130833333332
1023,0.3822796214511579,0.3850203333333333
1027,0.3843143855779341,0.3858018333333335
1032,0.3859470215870102,0.3867923333333333
1036,0.3855490681272933,0.3866067916666666
1041,0.3866895177088256,0.3873288333333333
1045,0.3868922018293849,0.3872730416666667
1049,0.3847333198778027,0.38651625
1054,0.3832821844558855,0.3859313333333332
1058,0.3834717628878332,0.3860769583333334
1062,0.3838860270237223,0.3858638333333334
1067,0.3854461660941129,0.3868322916666666
1071,0.3858655066260533,0.3873892916666666
1075,0.3860783447430068,0.38735625
1080,0.3853293952676036,0.3866800833333333
1084,0.3850443648995416,0.38666325
1089,0.3849558426227475,0.3867565416666667
1093,0.3840456797710926,0.3865588333333332
1097,0.3847793354046167,0.387002625
1102,0.3861149176990436,0.3871075
1106,0.3848853213867713,0.3867982916666667
1110,0.3846058240447643,0.38651975
1115,0.3858321963761921,0.3873130416666666
1119,0.3859803682276124,0.3874034166666667
1124,0.3850300836179812,0.3872409999999999
1128,0.3856780010775843,0.387469375
1132,0.3859510595177797,0.387286125
1137,0.3860767794498027,0.386714625
1141,0.3857109480940447,0.3865842916666667
1145,0.3855083258113683,0.3866753333333333
1150,0.3860342301378579,0.3872290416666666
1154,0.3864264279106941,0.3876749166666666
1158,0.3869615156189888,0.3875198333333333
1163,0.3869007908383031,0.387772
1167,0.386058516106794,0.3869343333333333
1172,0.3859065751226166,0.3868465416666666
1176,0.3860065670791896,0.3866555
1180,0.3861804688032334,0.3867437083333334
1185,0.3863270505023533,0.3869617499999998
1189,0.3862759517630301,0.387535
1193,0.3858822025903761,0.3868675000000001
1198,0.3859906947208511,0.3869970416666667
1202,0.3865203490756163,0.3870448333333332
1207,0.3859318644523214,0.3871925833333334
1211,0.3872833372379538,0.3876519166666668
1215,0.3871893990887257,0.3883284166666667
1220,0.3864797252448858,0.3882433333333335
1224,0.386660907777395,0.38757425
1228,0.3867179139372407,0.3874041666666666
1233,0.3861953751219613,0.386979125
1237,0.3864593668097311,0.38767325
1241,0.3864862000569141,0.3880812083333333
1246,0.3867084705598487,0.3885822916666666
1250,0.3864631883482411,0.3881721249999999
1255,0.38495807257309,0.3873426666666666
1259,0.3854720024868228,0.386657625
1263,0.3855158071474676,0.3866687083333333
1268,0.3857215542324541,0.3878112499999999
1272,0.3860260619828573,0.3884970833333334
1276,0.3863561508559933,0.3887905416666667
1281,0.3861939027809186,0.3888228750000001
1285,0.3857171553828103,0.3884422083333332
1290,0.3864889137454592,0.3876538333333333
1294,0.3869533666100637,0.3871095833333332
1298,0.3867447962773474,0.3871877083333333
1303,0.3873815091248591,0.3866398749999999
1307,0.3869462590255498,0.3871467083333333
1311,0.3857089860446693,0.3877720416666667
1316,0.3857274746704037,0.3886629583333334
1320,0.3853155150687401,0.3882145833333333
1324,0.3846573663446108,0.3886792916666668
1329,0.3848070358107016,0.389066125
1333,0.3851753857561872,0.3885754166666666
1338,0.3857350247226466,0.3872539583333333
1342,0.3859874244663507,0.3867464166666665
1346,0.386960194820763,0.3868046249999998
1351,0.3874359204149892,0.3872366249999998
1355,0.3874712242500417,0.3875884999999999
1359,0.3874655058440032,0.3879845833333333
1364,0.386822262488466,0.3880334999999999
1368,0.3857402699893006,0.3880358749999999
1373,0.3848271506955773,0.3884730416666667
1377,0.3854728988117473,0.387576625
1381,0.3858451719627755,0.3869871250000001
1386,0.3859892044079355,0.3870024166666666
1390,0.3860754932541471,0.3872232916666665
1394,0.3856672987177597,0.3878049166666668
1399,0.3854772512060374,0.3887861666666667
1403,0.3849811333352392,0.3887154583333333
1407,0.3848209808214588,0.3881622916666667
1412,0.3853809447372346,0.3875867083333333
1416,0.3859913804328962,0.3877656666666666
1421,0.3875156821438754,0.3874542916666666
1425,0.388505304269975,0.3877954166666666
1429,0.3875161023561529,0.3880394999999999
1434,0.3856808623060681,0.38850275
1438,0.385031579328571,0.3882610833333334
1442,0.3844922850938568,0.3882685
1447,0.3844096302178955,0.3880032083333333
1451,0.385105616084051,0.3875095416666666
1456,0.3858268264811489,0.3876435833333333
1460,0.3866883721317634,0.3872524999999999
1464,0.3869927696749588,0.3875015000000001
1469,0.3859004197980387,0.3884160416666668
1473,0.3859477424560931,0.3887475416666666
1477,0.3851892269909646,0.3891023749999999
1482,0.3846330264288038,0.3887699583333333
1486,0.385405376853658,0.3885701666666665
1491,0.3861246000571634,0.3877669999999999
1495,0.3872313116101126,0.387717375
1499,0.3875282048890751,0.3874078749999999
1504,0.3875181113314534,0.387836375
1508,0.3864796969419934,0.387963875
1512,0.3852201249357025,0.3881514999999999
1517,0.3846200578189968,0.3884044166666666
1521,0.3845236717516745,0.3883535416666666
1525,0.3848459924131142,0.3881804999999999
1530,0.3851257466613683,0.3878295416666666
1534,0.3858642763112641,0.3876757916666666
1539,0.3870789553797946,0.3877740000000001
1543,0.386941683535183,0.3879604583333333
1547,0.386840896660575,0.3877961249999999
1552,0.3861883497925592,0.3884877499999999
1556,0.3847245177161261,0.3887309166666665
1560,0.3848476210404487,0.3886861666666666
1565,0.3858269600370521,0.3889612916666667
1569,0.3867406875284572,0.3887096249999999
1574,0.3867105493979249,0.3880869166666665
1578,0.3865079193159065,0.3879995416666666
1582,0.3861373427612947,0.3880421666666666
1587,0.3858541439553927,0.3875626250000001
1591,0.3856847797827531,0.3875453749999999
1595,0.3851661235107766,0.3876676666666667
1600,0.3845349115336171,0.3877820833333332
1604,0.3846165742078025,0.3879507083333334
1608,0.385623945773825,0.3884
1613,0.3861172699695299,0.388763875
1617,0.3862435870273307,0.3884084999999999
1622,0.3863068762639043,0.3883770833333333
1626,0.3868054917404889,0.3886490833333333
1630,0.3869232629027327,0.3885274166666666
1635,0.3862070998752962,0.3874379999999999
1639,0.3855858417803512,0.387253625
1643,0.3849433746346522,0.387127625
1648,0.3851686240157341,0.3876555
1652,0.3856982037924508,0.388058875
1657,0.3856106393557374,0.3880070833333333
1661,0.3855073680891386,0.3879986666666667
1665,0.3853640714400705,0.3878304583333333
1670,0.3851644507108295,0.387594375
1674,0.38546979368926,0.3876528333333333
1678,0.3859201618252656,0.3876732499999998
1683,0.3858756537869117,0.3877437916666666
1687,0.3858827035529471,0.387699125
1691,0.3861239857307514,0.3880889166666667
1696,0.3860916418263384,0.388208625
1700,0.3858308148721363,0.387941875
1705,0.3859267238439822,0.3877455833333333
1709,0.3856939053892588,0.3873893749999999
1713,0.3851757932520995,0.3874175833333333
1718,0.3851503014489481,0.3876100416666665
1722,0.3861438128763256,0.3882363333333332
1726,0.386900019120873,0.3888065833333333
1731,0.3866757577237795,0.3887117083333333
1735,0.3863542464393399,0.3884828333333334
1740,0.3855700385355837,0.388022375
1744,0.3854848109785759,0.3877711666666666
1748,0.3855438863135828,0.3876252916666665
1753,0.385605771248521,0.3876700833333333
1757,0.3857465421490788,0.3874413333333333
1761,0.3864919080994705,0.3877667499999999
1766,0.3871036094950919,0.3879599583333332
1770,0.38767977910462,0.3879627916666666
1774,0.3874431277984317,0.3881333333333333
1779,0.3868247001168805,0.3879235833333333
1783,0.3864541966349524,0.3881063750000001
1788,0.3859666650931441,0.3884000833333333
1792,0.3851278162001917,0.3879052083333333
1796,0.3850814070907958,0.387783375
1801,0.3858039189312214,0.3878400833333333
1805,0.3863935269995573,0.388060125
1809,0.3866207089707476,0.3880109999999999
1814,0.3866206129994339,0.3878556666666667
1818,0.386796482641878,0.3880299583333334
1823,0.3869912759404555,0.3882257499999999
1827,0.3866329896763101,0.3880122916666667
1831,0.3860669627145102,0.3876409583333333
1836,0.3856112360741715,0.3870860416666667
1840,0.385637552741737,0.3872101249999999
1844,0.3858029402869879,0.3877677916666666
1849,0.3866140244207075,0.3883494166666667
1853,0.3866406839501623,0.3884978333333333
1857,0.3866753268281349,0.3886960833333333
1862,0.3861658706653084,0.3884289999999999
1866,0.3857667123231364,0.3882765833333333
1871,0.3855864997990756,0.3882475416666667
1875,0.3859359484172696,0.3880727083333333
1879,0.3862947725684777,0.3877925833333333
1884,0.3867523825673688,0.3877978333333334
1888,0.3869770742703298,0.3880842916666667
1892,0.3870270255880073,0.38819925
1897,0.3863056999401652,0.388109
1901,0.3854678458023915,0.3876303333333332
1906,0.3839776368558631,0.3869277500000001
1910,0.3840488104829203,0.3869689583333333
1914,0.3852097719453287,0.3875384583333334
1919,0.387053142464201,0.3883557499999999
1923,0.3877630879886771,0.3885910833333334
1927,0.3880982320306254,0.3887199166666666
1932,0.3877117646181208,0.3890844166666667
1936,0.3870552314512501,0.3889839583333333
1940,0.3860119508923563,0.3883303749999998
1945,0.3849435523695608,0.387540875
1949,0.3847954350938758,0.3873557083333332
1954,0.3854440985527632,0.3875567499999999
1958,0.3860351054791765,0.3878251666666666
1962,0.3863391708668501,0.3877994583333333
1967,0.3871782761719419,0.3878604583333334
1971,0.3871637869110469,0.3878224583333333
1975,0.3861653099215094,0.3874630833333334
1980,0.3855060985629353,0.3872535416666666
1984,0.385695414467327,0.3874894166666666
1989,0.3859957241634634,0.3880857083333334
1993,0.3864839683155404,0.3884746666666665
1997,0.3869815287329897,0.388885
2002,0.3872645949481318,0.3888135833333334
2006,0.3869211505713747,0.3885695416666667
2010,0.3865007081841668,0.3881400833333333
2015,0.3856966082043016,0.3879849583333332
2019,0.3853921931903652,0.3879725833333333
2023,0.3855656624653829,0.3879482499999999
2028,0.3859451796251221,0.3879049583333333
2032,0.3861062968401408,0.3877792916666666
2037,0.3867382986974695,0.3875907500000002
2041,0.3866281860962988,0.387665875
2045,0.3863242906722518,0.3876628749999999
2050,0.3857434442351225,0.387675875
2054,0.385860610509071,0.3881994583333334
2058,0.3861850838243664,0.3885595416666666
2063,0.3859552170380164,0.3885224166666666
2067,0.3859887673556753,0.3885806666666665
2072,0.3862984304538415,0.3882223333333332
2076,0.3865723870350219,0.3881000416666666
2080,0.3864236518530059,0.38789875
2085,0.3859719866329849,0.3877017499999999
2089,0.3859420319210465,0.3877129583333334
2093,0.3853983851931004,0.3876186666666666
2098,0.3851487024971136,0.3879519166666667
2102,0.3854291783960151,0.3879566249999999
2106,0.3857341712611983,0.3879727083333333
2111,0.3858779976779381,0.3880027499999999
2115,0.3858307489679749,0.3882626666666666
2120,0.3861034226118035,0.388312125
2124,0.3858684476794905,0.3879408333333334
2128,0.3857177562439719,0.3875903333333333
2133,0.3859113209055743,0.3874929583333334
2137,0.3858351485977896,0.3873985
2141,0.3856810108175868,0.3873963333333335
2146,0.3855131310239433,0.3876806666666666
2150,0.3853377110755944,0.38781175
2155,0.3851830271185319,0.38793725
2159,0.3853389172159647,0.3879160416666665
2163,0.3853831659085202,0.3877957499999999
2168,0.3854172263122338,0.3878029583333332
2172,0.3854333271236247,0.3878177500000001
2176,0.3854273936563001,0.3878135833333334
2181,0.3854294438965315,0.3878099583333333
2185,0.3854295728396759,0.3878106249999999
2190,0.3854274676592909,0.3878090833333332
