10,0.4023224418072908,0.8541227083333333
11,0.3918598224405733,1.554967125
12,0.3823809476073586,0.8469373333333333
13,0.3782660203862724,2.373448208333334
14,0.3771137910111156,2.859665083333333
15,0.3749679931567108,3.221222166666666
16,0.4003030525885824,3.179529208333334
17,0.4146841309373186,2.98373925
18,0.4119291021331232,3.306702125000001
19,0.4658116475699891,2.551373958333333
20,0.4710143135788622,1.756118416666666
21,0.4331243586023484,0.8815805000000001
22,0.4318332050782711,-0.8232972083333333
23,0.4324716354980359,-1.259334541666667
24,0.4148506336604691,-1.058719833333333
25,0.413159311844296,-1.14657
26,0.4078072011754106,-0.6177699999999998
27,0.3923540812920321,-0.3091099166666667
28,0.3772097894750309,-0.1452581666666667
29,0.3739632314447016,-0.02781670833333338
30,0.3740759661561338,1.040373083333333
31,0.3762638958927492,1.339905708333333
32,0.3853774537541627,1.602332291666667
33,0.3813024277117057,1.906674833333333
34,0.380349285519452,1.834600125
35,0.3998253837567653,1.612938375
36,0.4493814934719555,1.238529291666666
37,0.461740345994856,0.1788203333333332
38,0.4777238178234638,-0.2945455000000001
39,0.5221034409105081,-0.5221076250000001
40,0.5106885861190084,-0.7704413333333333
41,0.4512362958740932,-0.7621712083333333
42,0.4570960639244399,-0.4683714583333334
43,0.4298439877328262,-0.7337258333333333
44,0.3936402738345803,-0.7144149583333333
45,0.3795724520355536,0.09396924999999996
46,0.3677512354550795,0.5711909583333333
47,0.3781458288351637,0.7620080416666665
48,0.393096579899402,1.011978458333333
49,0.3856704983104572,1.012873416666667
50,0.4076875550691763,0.7329422500000001
51,0.4138674832252132,0.8340059583333331
52,0.4124915130625725,1.200823041666667
53,0.4167272082844058,0.8027640833333333
54,0.423504258332885,0.2778924999999999
55,0.4207218973752656,0.09548299999999997
56,0.4363946615433515,-0.005742833333333326
57,0.4686175702324964,-0.1483345000000001
58,0.4940877234629905,-0.2653126666666666
59,0.5223565850229365,-0.2045470416666667
60,0.5527803511567814,0.1013553333333333
61,0.5245898004216976,0.3897880416666666
62,0.5281166749861301,0.2047218333333333
63,0.5276171408706248,0.1102133333333333
64,0.4961301795230834,0.3007577083333333
65,0.4748113192840032,0.3239407083333334
66,0.4306548298900698,0.03564341666666666
67,0.4082425504139133,0.07908624999999996
68,0.4158203254932316,0.3126425833333332
69,0.4201155557212608,0.142516875
70,0.3940961118050066,0.1855052083333333
71,0.390203760699233,0.2677825416666665
72,0.4077876749677365,0.306093125
73,0.4177048540156609,0.3575756250000001
74,0.4079780053219693,0.4698863333333332
75,0.4139450818491524,0.4328581666666667
76,0.4032712849302595,0.5149942083333334
77,0.3809278715189676,0.7735111666666666
78,0.37792671610373,0.7749220833333333
79,0.3803311283024055,0.7303337083333332
80,0.3843230340793963,0.7375070833333331
81,0.3870866062307118,0.8704630833333331
82,0.3770053302462442,0.8474085833333334
83,0.3936143293705456,0.837027791666667
84,0.4025498762606468,1.070408375
85,0.3971792505701632,0.9723657916666665
86,0.389389228079936,0.8266700833333332
87,0.3914550384652077,0.8845921666666666
88,0.3877012122307231,0.8140962916666669
89,0.3804134519692101,0.770379
90,0.3769781189266538,0.8297765
91,0.3898160329637647,0.8675640416666667
92,0.3995253907260768,0.6728862916666666
93,0.418710590456866,0.5907810416666667
94,0.4579302190586718,0.5016989166666668
95,0.4834600104252421,0.3932758750000001
96,0.4604576933600544,0.299307875
97,0.4710682096499044,0.3063596249999999
98,0.4820445254243258,0.3385897916666666
99,0.4733095376452441,0.3721920416666667
100,0.445953501611311,0.4731777916666666
101,0.4572208151319828,0.4304120416666666
102,0.4802612721074729,0.553336125
103,0.4402110140232466,0.643189375
104,0.4388641802330106,0.4674498749999998
105,0.447353790903961,0.3823713333333332
106,0.4275457504272904,0.3589369999999998
107,0.4212593295930336,0.4007567083333334
108,0.4136265860667271,0.3743402083333332
109,0.4206908102577267,0.2480234583333333
110,0.4127251245888265,0.2589955833333332
111,0.4024265133880013,0.3098986666666667
112,0.3863523586521596,0.3603734999999999
113,0.4002795372350447,0.4274008333333333
114,0.4127210939151193,0.4907248333333332
115,0.4018599097313671,0.5747124583333334
116,0.394689079029717,0.58835375
117,0.4373683637418911,0.5155955416666667
118,0.4443277386488113,0.541394375
119,0.4270381065621272,0.5175250833333332
120,0.4224006465226769,0.4015205833333333
121,0.4266990277716802,0.3822469166666667
122,0.3902351303430845,0.3574328333333331
123,0.3878769166491806,0.3029573333333334
124,0.3913276661649991,0.2929081666666666
125,0.3959710791084401,0.4060610416666666
126,0.3961661639365496,0.4663298749999998
127,0.4358043617939232,0.5077059999999999
128,0.4409534138924987,0.4769806666666667
129,0.4491694955052413,0.4092264583333334
130,0.4635975536328159,0.4058543749999999
131,0.4483496625187203,0.3355569583333333
132,0.4172542538168209,0.2816903333333333
133,0.4256512301116807,0.3857462499999999
134,0.429102657543294,0.35568175
135,0.43135415425061,0.3553197083333333
136,0.4263165239073176,0.415761625
137,0.4113815679326842,0.3814193333333333
138,0.3987154919872513,0.3138788750000001
139,0.3971182141037194,0.4496451666666666
140,0.3837941360955078,0.5663655833333332
141,0.3806726420094998,0.6060178333333333
142,0.3929120660704896,0.6915079583333332
143,0.4040781462554121,0.5431209166666666
144,0.4069340959898808,0.3993428333333333
145,0.3958028093593839,0.2917225416666667
146,0.3870032893721548,0.1370617916666667
147,0.3916472928862531,0.0699615
148,0.3754562221836503,0.175755625
149,0.3738093916290587,0.1275755
150,0.3746034040057507,0.1908074999999999
151,0.3781859113750055,0.36260475
152,0.3698402227998042,0.4172934999999999
153,0.3994654341400101,0.4415256666666668
154,0.429476714450455,0.506007875
155,0.4290725880689666,0.4789278749999999
156,0.5012621761980206,0.5201975833333333
157,0.5724114007007827,0.6129431666666666
158,0.6677823927726221,0.6139072083333333
159,0.883704582707406,0.626826625
160,1.292239616303831,0.5378388749999999
161,1.358668733549003,0.4952400000000001
162,1.67818099666993,0.3722899166666665
163,1.86233468902476,0.4484115833333335
164,1.547049302707519,0.3233330833333334
165,1.4196563306784,0.1400167083333334
166,1.274752688017129,0.1933388749999999
167,1.214304311725818,0.1193257916666667
168,1.303054158508803,0.1479237083333333
169,1.484249461092212,0.1394752083333332
170,1.516831170533202,0.0240510833333333
171,1.506296966478346,0.1190079583333333
172,1.41322757334225,0.05644695833333324
173,1.351490098303648,0.12814625
174,1.26192932101582,0.08903383333333333
175,1.341882239961919,0.06292799999999998
176,1.328511206991364,-0.00667300000000004
177,1.443118653721772,0.3157474999999999
178,1.47858181868622,0.4538771666666666
179,1.534258782092815,0.4896153333333333
180,1.62809941615681,0.4282218333333334
