2190,6.759654314810091,-11.11814508888889
2185,6.759655051551569,-11.11814482222222
2181,6.759655009179096,-11.11814484444444
2176,6.759662437018064,-11.11814895555556
2172,6.759757567299649,-11.11819515555556
2168,6.760277809059807,-11.11843951111111
2163,6.76062126821802,-11.11864197777778
2159,6.758328193662328,-11.11750511111111
2155,6.754571223992714,-11.11557588888889
2150,6.755870516104966,-11.1162926
2146,6.758005751311358,-11.1174786
2141,6.760010285069669,-11.11868506666667
2137,6.759082220879436,-11.11842553333333
2133,6.758569467451644,-11.11824488888889
2128,6.757258991024313,-11.11760133333333
2124,6.75360731711218,-11.11590868888889
2120,6.751277218409516,-11.11483233333333
2115,6.749851902636186,-11.11397766666667
2111,6.750809718428021,-11.11441926666667
2106,6.755961780148227,-11.11671684444445
2102,6.759240002137453,-11.11796824444445
2098,6.75898163392327,-11.11751493333334
2093,6.757677799762333,-11.11704333333333
2089,6.757070388684303,-11.11718824444444
2085,6.757107358573858,-11.11724471111111
2080,6.756460866479289,-11.1170014
2076,6.752850935638739,-11.11507002222222
2072,6.748206175541832,-11.11217606666667
2067,6.746500076009156,-11.11096486666666
2063,6.748501986273446,-11.11211575555556
2058,6.754670822908626,-11.11550595555556
2054,6.757346779483488,-11.11720371111111
2050,6.753377495465111,-11.11553068888889
2045,6.753463605027858,-11.11566622222222
2041,6.756226169204269,-11.11690804444445
2037,6.754506310284197,-11.11591208888889
2032,6.749248568726117,-11.11325297777778
2028,6.743875662985547,-11.11071177777778
2023,6.742061697514425,-11.10998608888889
2019,6.74411533132688,-11.11133368888889
2015,6.743562586094686,-11.11107975555556
2010,6.745466393171242,-11.11200877777778
2006,6.749642960165897,-11.11411746666667
2002,6.751187808148187,-11.115029
1997,6.750566946261102,-11.11476351111111
1993,6.749374414810747,-11.11436651111111
1989,6.750446448612776,-11.11476871111111
1984,6.754376790801503,-11.11678657777778
1980,6.754142099200989,-11.1164438
1975,6.752121127472265,-11.11522017777777
1971,6.749964096792695,-11.1139174
1967,6.750749690343421,-11.11450171111111
1962,6.750666417934487,-11.114711
1958,6.75374549343293,-11.11625026666667
1954,6.751601646336556,-11.11535048888888
1949,6.745361658936815,-11.11245464444444
1945,6.74507939641878,-11.11269735555555
1940,6.746078159759867,-11.11314922222222
1936,6.743804933120527,-11.11189286666667
1932,6.743118541715543,-11.11137391111111
1927,6.741619232034125,-11.10996693333333
1923,6.741541647970601,-11.10982111111111
1919,6.742870852251295,-11.11071444444445
1914,6.743117282579265,-11.11068188888889
1910,6.744534775586313,-11.1117752
1906,6.744830882774383,-11.11151797777778
1901,6.743132746041412,-11.11032542222222
1897,6.74303616938641,-11.11003648888889
1892,6.745984548781891,-11.11163842222222
1888,6.751292478408998,-11.11408733333333
1884,6.750376803407613,-11.11359077777778
1879,6.744141038497752,-11.11101164444445
1875,6.74076757449084,-11.10942057777778
1871,6.735273771888934,-11.10619997777778
1866,6.734513081479732,-11.10542977777778
1862,6.739956683331179,-11.1077172
1857,6.749959377713214,-11.11234262222222
1853,6.755716115693171,-11.11499884444444
1849,6.755923696495111,-11.11536548888889
1844,6.756426850224035,-11.116156
1840,6.754921004564292,-11.11568495555556
1836,6.751787471012115,-11.11425713333333
1831,6.746124414240511,-11.11104242222222
1827,6.741500233653052,-11.10895017777777
1823,6.740603230827122,-11.10843186666667
1818,6.739937070161341,-11.10817591111111
1814,6.743573839902655,-11.11050548888889
1809,6.738892135823698,-11.10860413333333
1805,6.735992450900015,-11.10678568888889
1801,6.735626317024045,-11.10628228888889
1796,6.736448314204965,-11.10721006666666
1792,6.737530294781481,-11.10809082222222
1788,6.737742068322374,-11.10760586666667
1783,6.736344178317839,-11.10637208888889
1779,6.736428544299786,-11.10624688888889
1774,6.735780665458774,-11.10581111111111
1770,6.739095850860394,-11.10751993333334
1766,6.743888810131183,-11.11038004444445
1761,6.747785976853613,-11.11234204444444
1757,6.750003083829442,-11.11353746666666
1753,6.756163647756045,-11.11649586666666
1748,6.757086369443231,-11.11696177777778
1744,6.754938957312024,-11.11624775555556
1740,6.753777163314401,-11.1160158
1735,6.742786435152622,-11.11088451111111
1731,6.732638637269941,-11.10572495555556
1726,6.728365845013576,-11.10328206666667
1722,6.726162311186362,-11.10208562222222
1718,6.733192681762461,-11.10598966666666
1713,6.740877820190777,-11.10973564444444
1709,6.742171859068758,-11.11024015555555
1705,6.745169047897187,-11.11188231111111
1700,6.745471651976364,-11.11243457777778
1696,6.741684905031027,-11.11081213333333
1691,6.744162783857738,-11.11143148888889
1687,6.742728258882777,-11.11070993333333
1683,6.743756591460118,-11.11118102222222
1678,6.7421193233221,-11.11012786666667
1674,6.738477838759595,-11.10777806666667
1670,6.737044844778671,-11.10700104444444
1665,6.73893303490957,-11.10786522222222
1661,6.740818727837055,-11.1088892
1657,6.74056789537437,-11.10872506666667
1652,6.742969327216764,-11.10997811111111
1648,6.745260922355098,-11.11119988888889
1643,6.746845750624906,-11.11196373333333
1639,6.747370350829788,-11.11262048888889
1635,6.749119410871453,-11.11349228888889
1630,6.747282951728545,-11.11225464444445
1626,6.746300868942645,-11.11145626666667
1622,6.7422840087034,-11.10950802222222
1617,6.741435214101102,-11.109567
1613,6.736149023325361,-11.10700393333333
1608,6.733431968774311,-11.10578844444444
1604,6.739556294018145,-11.1085996
1600,6.737829477967361,-11.10743953333333
1595,6.732494217901508,-11.10455417777778
1591,6.736034189597377,-11.10650502222222
1587,6.737245375859023,-11.10762135555555
1582,6.744429633096032,-11.11201893333333
1578,6.751840217809943,-11.11608337777778
1574,6.757454028534049,-11.11849764444444
1569,6.763366877548718,-11.12089491111112
1565,6.759677407990637,-11.11874062222222
1560,6.758297787850432,-11.11759875555556
1556,6.756691581065369,-11.11687433333333
1552,6.754485535632931,-11.11627388888889
1547,6.756314185669469,-11.11724515555556
1543,6.750154812096626,-11.11410066666667
1539,6.740451205194499,-11.10886737777778
1534,6.74096324255399,-11.10918684444445
1530,6.745749414760343,-11.11125453333333
1525,6.742207416043396,-11.10905553333333
1521,6.736360375336732,-11.10585311111111
1517,6.741791007879623,-11.108589
1512,6.745883269974494,-11.1111188
1508,6.748615396930918,-11.11260157777778
1504,6.752652792999572,-11.11464091111111
1499,6.755246653608004,-11.11544471111111
1495,6.754855825892627,-11.11434824444444
1491,6.755804057206814,-11.11414784444444
1486,6.76399828045902,-11.11763402222222
1482,6.769545109120354,-11.1204744
1477,6.769949213823724,-11.12100862222222
1473,6.767214166482175,-11.120226
1469,6.764169013579022,-11.11870611111111
1464,6.757472853608466,-11.11496853333333
1460,6.761265018423447,-11.11677597777778
1456,6.755999849432324,-11.11466997777778
1451,6.753296154856542,-11.11337237777778
1447,6.755887645252605,-11.11515182222223
1442,6.75119036922864,-11.11340748888889
1438,6.755094556730559,-11.11528775555556
1434,6.760060736766369,-11.11724166666667
1429,6.76924428421475,-11.1214974
1425,6.76667672126565,-11.1199728
1421,6.760297561957117,-11.1167708
1416,6.758196824673997,-11.11540264444445
1412,6.753411278156402,-11.11264091111111
1407,6.751622452306916,-11.11144146666667
1403,6.761026688129101,-11.11584115555555
1399,6.758165332742113,-11.11435291111111
1394,6.757677620221529,-11.11383795555555
1390,6.762815774866683,-11.11700284444445
1386,6.765922925737177,-11.11909195555555
1381,6.775240820537607,-11.12327828888889
1377,6.777488089828298,-11.12486055555556
1373,6.775479641265183,-11.12419837777778
1368,6.776452159373096,-11.12359053333333
1364,6.76880922018173,-11.11932744444445
1359,6.766337299987792,-11.11729753333333
1355,6.765775962174867,-11.1169526
1351,6.763102836042391,-11.11549868888889
1346,6.759786334724957,-11.11409635555555
1342,6.765680596070631,-11.11772524444445
1338,6.77484444964176,-11.12293931111111
1333,6.777706271479985,-11.1251118
1329,6.779548535379216,-11.12544562222222
1324,6.786249800065129,-11.12792253333333
1320,6.784436246054986,-11.12688228888889
1316,6.784630741406626,-11.12680724444444
1311,6.78086052548042,-11.12524702222222
1307,6.780567171569075,-11.12539582222223
1303,6.780308652137581,-11.12577302222222
1298,6.777452954279745,-11.12500273333334
1294,6.785893456819792,-11.1291006
1290,6.785313777508162,-11.12825351111111
1285,6.780411602797582,-11.1246572
1281,6.779219685348267,-11.12345604444444
1276,6.773763126867971,-11.1208694
1272,6.770349749760059,-11.11925531111111
1268,6.772146115666751,-11.12056231111111
1263,6.781712846816267,-11.12566962222222
1259,6.786797833294197,-11.1286324
1255,6.788568716341177,-11.12964584444445
1250,6.793112455415551,-11.13249455555556
1246,6.798213188388981,-11.13547597777778
1241,6.799099284619378,-11.13525737777778
1237,6.803653639286775,-11.13684795555556
1233,6.80417356692015,-11.13687144444444
1228,6.804967307138406,-11.13686091111111
1224,6.800680803596729,-11.13580008888889
1220,6.787016398966163,-11.12897297777778
1215,6.783129474484749,-11.12704737777778
1211,6.780405288414298,-11.12588744444444
1207,6.782566522842747,-11.12619473333334
1202,6.792071063797068,-11.13046573333333
1198,6.805331858687482,-11.13661631111111
1193,6.817784493927089,-11.1426016
1189,6.812306133406707,-11.14018384444444
1185,6.814677798511283,-11.1422294
1180,6.815110787882397,-11.14255604444444
1176,6.806759617378786,-11.13823484444444
1172,6.808396700899936,-11.13870575555556
1167,6.804786634949028,-11.13596513333333
1163,6.804029343877455,-11.13581408888889
1158,6.810560809788431,-11.13925466666667
1154,6.814122377748891,-11.14051973333333
1150,6.817858739899511,-11.14295364444444
1145,6.819606362992506,-11.14433284444445
1141,6.820482077623624,-11.14491588888889
1137,6.816812238739509,-11.1434848
1132,6.824326256168105,-11.14667795555555
1128,6.823661057960408,-11.14683751111111
1124,6.809217372679195,-11.14003871111112
1119,6.811187986290019,-11.14093231111111
1115,6.811716183264348,-11.14091157777778
1110,6.806368670902539,-11.13852411111111
1106,6.811601666701095,-11.14189771111111
1102,6.821857600728377,-11.14670053333333
1097,6.819772482612586,-11.14532815555555
1093,6.822455815724979,-11.14613691111111
1089,6.826174266296467,-11.14753673333333
1084,6.822819661249076,-11.145342
1080,6.824247353423575,-11.14504291111111
1075,6.826519590631482,-11.14561191111111
1071,6.826666094832881,-11.14600888888889
1067,6.827096745377428,-11.14735806666667
1062,6.836798791629008,-11.15217891111111
1058,6.839590735022126,-11.15482622222223
1054,6.84094836882113,-11.15525415555555
1049,6.839180599250843,-11.15332448888889
1045,6.834959710487388,-11.1507404
1041,6.821539262134959,-11.14439508888889
1036,6.826566000013817,-11.14694873333334
1032,6.827379703732493,-11.14729644444444
1027,6.832554047481634,-11.15071717777778
1023,6.841608250771928,-11.15519697777778
1019,6.844232683740026,-11.15766397777778
1014,6.844883731497896,-11.15771793333333
1010,6.849341042142921,-11.1588134
1006,6.839261037913221,-11.15251537777778
1001,6.83030391970081,-11.14822957777778
997,6.82446299785446,-11.14689475555556
992,6.828914153718862,-11.15004531111111
988,6.837302198156161,-11.15410597777778
984,6.83492562226409,-11.15338842222222
979,6.83748774179224,-11.15439862222222
975,6.838860260228434,-11.15548386666667
971,6.841036021101933,-11.15704731111111
966,6.848460972641502,-11.15973273333334
962,6.83866479699506,-11.15491751111111
958,6.838309009888079,-11.15587517777778
953,6.848027768974429,-11.16092986666667
949,6.851987762386468,-11.16247395555555
944,6.860709635587592,-11.16600182222222
940,6.862596210857891,-11.16560204444445
936,6.858818254180234,-11.16328973333333
931,6.854550393839347,-11.16133011111111
927,6.848987927088632,-11.15900588888889
923,6.848349216937814,-11.15879051111111
918,6.854161785949444,-11.16151597777778
914,6.857998913382637,-11.16296357777778
909,6.85395310527976,-11.16061506666666
905,6.843936616939664,-11.15539395555555
901,6.852644983213627,-11.15894397777778
896,6.860117741679966,-11.16229888888889
892,6.855517422262896,-11.16047322222223
888,6.865049194041506,-11.16409097777778
883,6.877275945958683,-11.17145742222222
879,6.882036355913631,-11.17288917777778
875,6.874105447620803,-11.16925966666666
870,6.854900800037509,-11.16096468888889
866,6.84668949304428,-11.15818140000001
861,6.841037169104688,-11.15543988888889
857,6.849623831101802,-11.15974335555556
853,6.866626540272139,-11.16642766666667
848,6.879889744098424,-11.17526464444444
844,6.895500415962768,-11.18062991111111
840,6.897177367670595,-11.18049013333333
835,6.894376567658256,-11.17931322222222
831,6.897432309904903,-11.18045408888889
826,6.886823089348196,-11.17661546666667
822,6.892014571066869,-11.18027884444444
818,6.89929698791149,-11.18433526666667
813,6.902871137585235,-11.18496104444444
809,6.903498466337364,-11.18586335555555
805,6.893863057836664,-11.18286031111111
800,6.892756322073669,-11.18097448888889
796,6.895151205962575,-11.18065497777778
792,6.903693058070566,-11.18431242222222
787,6.922027421906383,-11.19200517777778
783,6.925254287045588,-11.19260202222223
778,6.944469750339203,-11.20155751111111
774,6.955670760482092,-11.20576506666667
770,6.963580446531743,-11.21040466666667
765,6.954871105405844,-11.20653353333333
761,6.943711149544615,-11.20132182222222
757,6.938740956862998,-11.19841857777778
752,6.928747541342423,-11.19272991111111
748,6.933795498093607,-11.19600128888889
743,6.946414607036733,-11.20355753333333
739,6.946516145960782,-11.20428493333333
735,6.951826570792164,-11.20838506666667
730,6.95240945519686,-11.20558373333334
726,6.961285184005296,-11.20951611111111
722,6.941810825591658,-11.2028368
717,6.914103021972589,-11.19110108888889
713,6.879582979784566,-11.17611106666667
708,6.867385792711472,-11.17198013333334
704,6.886409524925329,-11.1810106
700,6.91823701056936,-11.19446686666667
695,6.93620665586799,-11.20197531111111
691,6.94177421435157,-11.2045918
687,6.953232448563504,-11.20673204444444
682,6.970042872818444,-11.21662786666667
678,6.969835891882331,-11.21582851111111
674,6.979264808012619,-11.2177216
669,6.960305437060532,-11.21105791111111
665,6.958951782756126,-11.20909502222222
660,6.949287518270461,-11.20386608888889
656,6.932827778285495,-11.1992534
652,6.926405282712477,-11.19782853333333
647,6.924046907186863,-11.19780268888889
643,6.927056108152146,-11.19757055555555
639,6.937377802165575,-11.20275364444444
634,6.962030866645589,-11.2161238
630,6.976703623721561,-11.22420182222222
625,6.952923175165184,-11.21482637777778
621,6.964681448845794,-11.21931746666666
617,6.961893895165867,-11.21542615555556
612,6.955926581173178,-11.21717073333333
608,6.947737708592753,-11.21487468888889
604,6.950940252641012,-11.21376746666667
599,6.945979887721891,-11.20795573333333
595,6.955866157833294,-11.21052351111111
591,6.958727287817751,-11.21499917777778
586,6.967723852015654,-11.22047906666667
582,6.939805465623142,-11.21007606666667
577,6.934817879427108,-11.2080394
573,6.940959026063596,-11.21298788888889
569,6.931901152633091,-11.21076793333334
564,6.924223722643433,-11.20594604444445
560,6.937510827874239,-11.20871115555555
556,6.955609503359469,-11.21673935555556
551,6.975278964523885,-11.22773204444444
547,6.996541130554767,-11.23442897777778
542,6.984244482948098,-11.23161342222222
538,6.974983038515608,-11.22784944444444
534,6.995957133906764,-11.23753171111111
529,7.002213075028562,-11.23827075555555
525,7.00735425292222,-11.24089484444445
521,7.015516180701228,-11.24005093333333
516,7.031350455836938,-11.23981606666667
512,7.039067796076949,-11.2460348
508,7.013903259000505,-11.2347992
503,7.016064219991422,-11.23187062222222
499,6.992482880152135,-11.224616
494,7.002169022770626,-11.23396422222222
490,6.967945501041763,-11.22217088888889
486,6.946347884548185,-11.21164275555556
481,6.955320932268378,-11.21156253333333
477,6.942002769386923,-11.20820057777777
473,6.957715099185542,-11.21572488888889
468,6.981601915156502,-11.2269392
464,6.992617169807517,-11.23008742222223
459,6.9994555831685,-11.22870917777778
455,6.993375674300776,-11.23042842222222
451,6.986803584607387,-11.230103
446,6.997870582470439,-11.23458546666667
442,7.056675475239252,-11.25924575555556
438,7.072190801089718,-11.26822477777778
433,7.094010475073799,-11.27437082222222
429,7.09262781870986,-11.26940135555555
425,7.099977938672861,-11.26826282222222
420,7.063758824730736,-11.25486113333333
416,7.032137779635803,-11.24112628888889
411,7.007914215875583,-11.2279832
407,6.994954194198747,-11.22781993333333
403,6.975094508064623,-11.22306088888889
398,6.988051427181793,-11.22937604444444
394,6.994838685943464,-11.22471417777778
390,6.970823197450975,-11.20924177777778
385,6.985121954059978,-11.21984926666667
381,6.994306476009954,-11.22299568888889
376,6.991948309388405,-11.22020986666667
372,6.982440731315609,-11.21927055555555
368,6.987614818497087,-11.22641351111111
363,6.985745745741319,-11.22310455555555
359,6.940342293171027,-11.20317693333334
355,6.955373361887079,-11.21126462222222
350,6.959400035439395,-11.21717655555555
346,6.958151283643946,-11.21540417777778
342,6.967175298298559,-11.2201318
337,6.951392561252979,-11.21524611111111
333,6.926406313279473,-11.21078091111112
328,6.905772508858713,-11.1924638
324,6.879544290893677,-11.17220151111111
320,6.898389022753518,-11.18305866666667
315,6.904993420380442,-11.18331566666667
311,6.887555049725287,-11.17760408888889
307,6.920516600799713,-11.18831426666666
302,6.935638737234469,-11.19063513333334
298,6.92118187683521,-11.18324624444445
293,6.925332599987194,-11.17418571111111
289,6.937739116805204,-11.16995006666667
285,6.95527262105719,-11.17502155555555
280,6.942283129959977,-11.17419931111111
276,6.952011250891671,-11.17536364444445
272,6.99864879081622,-11.20064937777778
267,6.994278291713507,-11.19257964444445
263,7.019911340520996,-11.20313906666667
259,7.048118236780217,-11.21500206666667
254,7.032177356340502,-11.20303868888889
250,7.001461262738809,-11.18224704444445
245,6.999722587582673,-11.19458124444444
241,6.943720523809737,-11.17106184444445
237,6.960938436292913,-11.17890951111111
232,6.985897610423316,-11.18421011111111
228,6.928816778194186,-11.15721526666667
224,6.9413500559897,-11.16297893333333
219,6.895787504923385,-11.12684013333333
215,6.894901574481811,-11.12121542222222
210,6.910338192828813,-11.12805553333333
206,6.951374224989537,-11.14659811111111
202,6.960953914627292,-11.15250291111111
197,6.949969462228607,-11.14251062222223
193,7.079817990481513,-11.17175528888889
189,7.031415964801942,-11.17683384444445
184,7.133630271578256,-11.22808564444445
180,7.160268964536584,-11.20455337777778
176,7.127718440182101,-11.19629946666667
171,7.074052905336193,-11.18516197777778
167,7.033525684450638,-11.13599366666666
162,6.98034620115044,-11.15434884444445
158,6.968848800821511,-11.13755222222222
154,6.873323985940755,-11.10686533333334
149,6.853998333182862,-11.11021428888889
145,7.008120424519879,-11.13194115555555
141,6.942653201619071,-11.0890942
136,6.881356778176805,-11.05128897777778
132,6.872743495894064,-11.05181093333333
127,6.808590029470287,-11.05925344444445
123,6.771741437691927,-11.05418682222222
119,6.778524648802889,-10.99234564444445
114,6.80948217408416,-11.02302726666667
110,6.836546277031349,-11.073813
106,6.938114998276945,-11.12901491111111
101,6.917077972747792,-11.07161286666667
97,7.013804617877616,-11.14206293333333
93,6.981302177694537,-11.11307644444445
88,7.02921322559006,-11.15280726666667
84,7.04713024664597,-11.11765984444444
79,7.052343315858652,-11.14045106666666
75,7.031657054729938,-11.21326142222222
71,7.005976841542283,-11.37107497777777
66,6.92704262191328,-11.29212891111111
62,6.862244113392205,-11.26847313333333
58,6.870155336987341,-11.34311577777778
53,6.808377858602608,-11.16524584444445
49,6.90548088577173,-11.18551371111111
44,7.27264604746768,-11.40683297777777
40,7.206584984039369,-11.47848088888889
36,7.044911323174593,-11.65213504444444
31,7.05747645657631,-11.27934206666666
27,6.9809555843626,-10.99704591111111
23,7.552815287601657,-11.19614213333333
18,7.36177690391479,-10.14371708888889
14,6.577976462847855,-10.01617875555555
10,7.791210612248547,-11.47642313333334
