10,7.787922650879184,-11.4527498
11,6.739988656723741,-10.60674904444445
12,5.86797689829802,-10.71968746666667
13,6.232551468877407,-10.00053024444444
14,6.574858720349218,-9.992074711111114
15,6.619259410149843,-9.842071844444444
16,6.869150585635435,-10.16850915555555
17,6.771340886440664,-10.29320113333333
18,7.358266920099312,-10.11962408888889
19,8.089562180659039,-10.45676293333334
20,8.13414762661702,-10.64923442222222
21,7.642838700318796,-10.54706617777778
22,7.498886995787673,-10.95031348888889
23,7.549299706101753,-11.17215708888889
24,7.367083191738842,-11.05672897777778
25,7.136646225189231,-10.96208911111111
26,7.064409546430261,-10.91571897777778
27,6.977508227693832,-10.97309717777778
28,6.76984699599437,-10.99893591111111
29,6.835089046017886,-11.04504615555556
30,7.101027807280579,-11.06213613333333
31,7.054220799678239,-11.255368
32,7.041612969100603,-11.3091048
33,7.107407005676401,-11.33458111111111
34,7.123217941677678,-11.55275264444444
35,7.120251534066482,-11.71237904444444
36,7.041680413076493,-11.62810953333333
37,6.982240088431509,-11.53105762222222
38,7.000750820759481,-11.45164244444444
39,7.098991316832382,-11.43320786666666
40,7.20335502820727,-11.45447155555556
41,7.30564720417788,-11.4906066
42,7.332024505106049,-11.43800197777778
43,7.290070208207736,-11.36654673333333
44,7.269390056017681,-11.38287931111111
45,7.254751717656049,-11.377083
46,7.189367999866266,-11.27648351111112
47,7.041758956904073,-11.18224893333333
48,6.951800143799159,-11.20229495555555
49,6.902209905026685,-11.16132371111111
50,6.86443655250866,-11.11842737777778
51,6.867156803949505,-11.05953171111111
52,6.837579948727208,-11.07419204444444
53,6.805012262532331,-11.14108273333333
54,6.808625451363792,-11.24382902222222
55,6.798702258807057,-11.23789731111111
56,6.833681960829805,-11.2434246
57,6.817158480878898,-11.34162546666666
58,6.866652142165006,-11.31887222222222
59,6.85282055965475,-11.23649093333334
60,6.885609215950129,-11.29238762222222
61,6.890857511497575,-11.32903348888889
62,6.858028151792597,-11.24391817777778
63,6.810459374004503,-11.22936771111111
64,6.875741311833003,-11.35828775555556
65,6.962283763994252,-11.29884024444444
66,6.920470318204532,-11.26788731111111
67,6.910766604993716,-11.32289131111111
68,6.933798125567949,-11.31117882222222
69,6.915345673199004,-11.28782048888889
70,6.967803050377103,-11.35273931111111
71,6.997070915912949,-11.34704175555556
72,7.024133285667864,-11.22637764444444
73,6.986721208474581,-11.2338326
74,7.013227244891666,-11.2456656
75,7.024145703954657,-11.18668255555555
76,6.990564114447945,-11.17216913333334
77,7.010220955803095,-11.19405831111111
78,7.040390716671726,-11.14848362222222
79,7.051439921242833,-11.11101233333333
80,7.017085182448723,-11.14260302222222
81,7.090766909436889,-11.13901744444444
82,7.099097003275646,-11.1397748
83,7.025897761798056,-11.10546026666667
84,7.050389413444076,-11.09163033333333
85,7.060397587412951,-11.11999208888889
86,7.04061657000008,-11.10805111111111
87,7.000349571181421,-11.09160795555556
88,7.038223967751119,-11.1275782
89,7.028272509069959,-11.1443448
90,6.969910225511073,-11.09041431111111
91,6.999144160968552,-11.06693502222222
92,7.001741522561126,-11.09700195555556
93,6.991667201402741,-11.08521177777778
94,7.026407958313267,-11.10098851111111
95,7.035517856390897,-11.14122095555556
96,7.00931116836114,-11.13716355555555
97,7.02233363574638,-11.12173484444444
98,6.987647160508013,-11.10416453333333
99,6.915197063694886,-11.06630157777778
100,6.924128946970236,-11.03887588888889
101,6.932554445007848,-11.06964126666667
102,6.92998542019062,-11.08439682222222
103,6.966650340730334,-11.06847497777778
104,6.939348634617072,-11.07603144444444
105,6.967865663614466,-11.12013593333333
106,6.966226658574866,-11.13050311111111
107,6.925795001763055,-11.10567102222222
108,6.9043431797621,-11.10695053333333
109,6.894062876328103,-11.11697522222222
110,6.838568693934653,-11.0754336
111,6.79652595426308,-11.05859071111111
112,6.797893329400037,-11.04394257777778
113,6.810852034150295,-11.02910617777778
114,6.814227867580715,-11.0315878
115,6.868848670104907,-11.03774404444444
116,6.865784993710011,-11.02612986666667
117,6.817957364792021,-11.0129516
118,6.79553024181701,-11.01994215555556
119,6.787283444754701,-10.99992524444445
120,6.739416821920091,-10.98373582222223
121,6.757642621990414,-11.01778591111111
122,6.802445609592757,-11.05458037777778
123,6.778311808902429,-11.07261644444444
124,6.802389980802972,-11.07456097777778
125,6.836272910639003,-11.08832351111111
126,6.830479990340405,-11.09029117777778
127,6.806391164615623,-11.05770806666667
128,6.792880216554278,-11.02683897777778
129,6.804506250415486,-11.02442615555556
130,6.830458711617848,-11.04970253333333
131,6.843647235704346,-11.03883517777778
132,6.880275291494454,-11.03401353333333
133,6.918880359322369,-11.02699335555556
134,6.932719402249097,-11.03626102222222
135,6.903102011740518,-11.02255913333333
136,6.904393120863414,-11.01078404444445
137,6.83935477352559,-11.01231522222222
138,6.832941207915749,-11.01809408888889
139,6.854361847802531,-11.02076824444445
140,6.883684063487663,-11.03294237777778
141,6.893120764928026,-11.02810151111111
142,6.901979529345404,-11.02454982222222
143,6.986833109408511,-11.07282502222223
144,7.022951108047748,-11.10440235555556
145,6.990524516265312,-11.10270875555555
146,6.996027971616721,-11.12994095555556
147,6.941604515202075,-11.10774446666667
148,6.854137611826981,-11.05678568888889
149,6.895153396972529,-11.09322691111111
150,6.915092990722412,-11.105773
151,6.848349086096397,-11.04316922222223
152,6.845848936080564,-11.03122904444444
153,6.90055854819739,-11.05831051111111
154,6.850649758811408,-11.00754555555556
155,6.81407805978188,-11.00338271111111
156,6.914110721077289,-11.05130231111111
157,6.986646546932466,-11.05068471111111
158,6.907088250521303,-10.9970402
159,6.955871562297449,-11.00242651111111
160,7.035260592811371,-10.98842406666667
161,6.891981949601204,-10.92943215555555
162,6.874870159862454,-10.94749266666667
163,6.975111323821758,-10.97527386666667
164,6.901892088275464,-11.0123022
165,6.831047551738496,-11.06068266666666
166,6.860853685187839,-11.06652271111111
167,6.894322787204717,-11.041141
168,6.916219841991297,-10.99487731111111
169,7.044532404936233,-10.96798106666667
170,6.974751736385032,-10.87549986666667
171,6.872127280702559,-10.87386551111111
172,6.864623461209226,-10.92113124444445
173,6.900107975908136,-10.97719586666667
174,6.853662493335364,-11.01867315555556
175,6.888153030937394,-11.01524222222222
176,6.968828351376539,-11.04853675555556
177,6.890728477073228,-10.95764106666667
178,6.939553597156538,-10.94361133333333
179,6.97028397808059,-10.92489346666667
180,7.115387383426815,-10.98355848888889
