10,0.4023234708964231,0.8541043333333335
11,0.3918593435376538,1.55494525
12,0.3823808083575295,0.8469116250000002
13,0.3782667079825702,2.373437333333333
14,0.3771147859213497,2.859646375
15,0.3749666829893797,3.221186833333334
16,0.4003001445538389,3.179527791666666
17,0.4146829855066324,2.983726541666667
18,0.41192803135967,3.306687875
19,0.4658124774800319,2.551363458333333
20,0.4710142657481396,1.756097208333333
21,0.4331243164844011,0.8815489166666669
22,0.4318330965086113,-0.8233120416666666
23,0.4324715394175366,-1.259333
24,0.4148502648492128,-1.058723375
25,0.4131602786154037,-1.146581416666667
26,0.4078079129603097,-0.617785
27,0.3923532681926053,-0.309112875
28,0.3772096799354416,-0.1452890416666667
29,0.3739629462166562,-0.02782620833333334
30,0.3740760996288322,1.040369041666666
31,0.3762642603596864,1.33987575
32,0.3853788898124824,1.602318666666666
33,0.3813037618363105,1.906682
34,0.3803511750834802,1.834588083333333
35,0.3998293939465311,1.612900541666667
36,0.4493835600647768,1.238468666666666
37,0.4617412858475065,0.17870925
38,0.477724414421389,-0.2946297916666668
39,0.5221031011760464,-0.5221585833333334
40,0.5106872811067199,-0.7704765000000001
41,0.4512366523533017,-0.7621918333333334
42,0.4570996920774373,-0.4683933750000001
43,0.4298463026560116,-0.7337415000000002
44,0.3936358181257875,-0.7143544166666667
45,0.3795675249196589,0.09397262499999999
46,0.3677507658643539,0.5713124166666668
47,0.3781447768167958,0.762091458333333
48,0.3931021454922115,1.012057833333334
49,0.3856578151404575,1.012966958333333
50,0.4076790516140789,0.7331044583333334
51,0.4138447600660723,0.8341043333333332
52,0.4124780594918973,1.200858125
53,0.4167234580597816,0.8028807916666665
54,0.4234880065930379,0.2780513333333334
55,0.4207197545550058,0.09561095833333323
56,0.4364180944917165,-0.005405041666666666
57,0.4686315338767252,-0.148015
58,0.4940813372883948,-0.2650104166666667
59,0.5223377966400072,-0.2042282916666667
60,0.5527851490323238,0.1018245833333333
61,0.5245705134060915,0.3902555
62,0.5281112983711834,0.2056184166666666
63,0.5276293711985564,0.1111074166666666
64,0.4960905688253692,0.3015424999999999
65,0.4748346197117218,0.3248920833333333
66,0.4307592532573626,0.03637016666666668
67,0.4083326808129576,0.08030337499999994
68,0.4159123655773102,0.3142228749999999
69,0.4202580065392801,0.14385775
70,0.3941647287187867,0.1871562916666666
71,0.3902611952640325,0.2690087083333333
72,0.4079388035024882,0.3071122083333333
73,0.4178316005278002,0.3585883333333333
74,0.4081093111388565,0.4703658333333334
75,0.4141849434291996,0.4331448333333334
76,0.4033491484082735,0.515263125
77,0.3809344432419832,0.7740329166666667
78,0.3779652666780567,0.7753063333333333
79,0.3803554710752329,0.7306904166666667
80,0.3842361152399221,0.7374558333333332
81,0.3871358159467004,0.8704222499999998
82,0.3769614360209014,0.8474353749999998
83,0.3935945462482802,0.8376682916666666
84,0.402557585124427,1.070590583333333
85,0.3971139951755174,0.9722755
86,0.3892416640749348,0.8271032083333334
87,0.3913234165226093,0.8853623333333336
88,0.3875587821150187,0.8163650416666667
89,0.3803554955967324,0.7716418749999999
90,0.3770473963262689,0.8324926249999999
91,0.3897661507481585,0.8693135833333335
92,0.3992025422501897,0.6779436666666666
93,0.418546408720236,0.5955122083333333
94,0.4571836919772028,0.5114850833333333
95,0.4823337490103455,0.400621875
96,0.4591812943124241,0.3127695416666667
97,0.4683941605100408,0.3205314166666667
98,0.4776882913537183,0.3577635
99,0.4680957623562789,0.3940880833333334
100,0.4420635149373683,0.4918384583333335
101,0.4545690757811103,0.4458261666666666
102,0.4770042987930364,0.5645984166666665
103,0.4381243636959384,0.6547891666666666
104,0.4368341570368716,0.4822031249999999
105,0.4429581613730558,0.3935787083333333
106,0.421665657579342,0.3733430833333333
107,0.4155059676031432,0.4054197916666666
108,0.4112989174871303,0.3621957916666667
109,0.4160411664006841,0.2271152916666667
110,0.4083243489516934,0.2266099583333333
111,0.4007493741542665,0.2788759166666665
112,0.3854886568009694,0.3412577083333332
113,0.4003596778869097,0.3976073333333334
114,0.4057454353189419,0.4891016249999999
115,0.3952126506714775,0.5518569166666667
116,0.3898484581065079,0.55740325
117,0.4260919002440752,0.5032030416666667
118,0.4373772386312957,0.4939707083333333
119,0.426539020132773,0.4598645
120,0.4209448957851692,0.35565375
121,0.4229084469313472,0.3051301666666666
122,0.390323048857691,0.3006945416666666
123,0.3881689778114532,0.2660648333333333
124,0.3864954029993788,0.2437844999999999
125,0.3897671033457287,0.3458012083333333
126,0.3879021442400109,0.4271345416666667
127,0.4167160571114515,0.4630335833333333
128,0.4236985065105877,0.4814154583333334
129,0.4328903147478816,0.4690062083333332
130,0.4482420757556053,0.4657362916666667
131,0.4507267588021804,0.4106106666666666
132,0.4196034839209272,0.3710271666666666
133,0.4286904635457191,0.4017185000000001
134,0.4372390987772686,0.3608619166666666
135,0.430761895807526,0.3513159583333333
136,0.4177641177991389,0.3854841666666666
137,0.4085692173518172,0.4377154583333334
138,0.3942008422140064,0.4357281666666666
139,0.3906041550819761,0.5367909999999999
140,0.3853333711297968,0.6341145833333334
141,0.3854081801257569,0.6200152499999999
142,0.3898861977361128,0.6619139166666668
143,0.3950596534695467,0.635942
144,0.3902774721483329,0.5696413333333333
145,0.3875809242544023,0.481786375
146,0.3839976691816623,0.3779020833333332
147,0.3777247486423898,0.2731769999999999
148,0.3680809134009011,0.3004629583333333
149,0.365348663864248,0.3306605
150,0.3663550421820777,0.3541953333333333
151,0.372365007965748,0.4457791250000001
152,0.3681125380653196,0.5090212499999999
153,0.3778776088345465,0.4727395833333332
154,0.3840289127988627,0.4535142083333333
155,0.4049925781268061,0.5289838333333333
156,0.4152184564194989,0.5328174999999998
157,0.4305701101931138,0.4734766666666668
158,0.4259689844223519,0.4859356249999998
159,0.4357659480173713,0.4716029999999998
160,0.436619931276744,0.3607652499999999
161,0.417366162919498,0.3629856666666665
162,0.4030246498790944,0.4017849166666667
163,0.4178920338106553,0.4149586666666667
164,0.4114792389222417,0.4250678749999999
165,0.406375488743522,0.4814228333333333
166,0.4233792146380551,0.4606931666666667
167,0.4471174679931454,0.4779090833333333
168,0.4409818799358304,0.4963125000000001
169,0.4276043671291219,0.463923375
170,0.4237121632509983,0.4042688333333334
171,0.4311211080492954,0.3975329999999999
172,0.4287467606732217,0.3663500416666667
173,0.4182100928399367,0.3107056666666666
174,0.4103711125240897,0.3549815416666666
175,0.4055995969273432,0.3711638333333334
176,0.4031704572397527,0.3662452916666666
177,0.4000750942986644,0.3776987916666665
178,0.3995979542429224,0.3920142083333334
179,0.3983753673949253,0.3474717916666666
180,0.391546527413567,0.3594796666666666
